1742756064363 0.6539698839187622 0
1742756067362 1.3778856992721558 1
1742756069903 0.8657487034797668 2
1742756072365 0.42932677268981934 3
1742756074987 0.3706939220428467 4
1742756077477 0.42539653182029724 5
1742756079765 0.32503923773765564 6
1742756082183 0.2881569266319275 7
1742756084349 0.22444996237754822 8
1742756086634 0.19010621309280396 9
1742756089176 0.24247586727142334 10
1742756091324 0.16825008392333984 11
1742756093472 0.23280726373195648 12
1742756095574 0.07755864411592484 13
1742756097742 0.1100131943821907 14
1742756099937 0.16543446481227875 15
1742756102092 0.07859296351671219 16
1742756104268 0.18240556120872498 17
1742756106489 0.09307433664798737 18
1742756108820 0.1442577838897705 19
1742756111108 0.08643416315317154 20
1742756113885 0.10349877178668976 21
1742756116304 0.10546229779720306 22
1742756118520 0.10187705606222153 23
1742756120756 0.15531037747859955 24
1742756123042 0.031456686556339264 25
1742756125252 0.06796802580356598 26
1742756127541 0.43584269285202026 27
1742756130139 0.06405004113912582 28
1742756132602 0.06412671506404877 29
1742756135009 0.05341525748372078 30
1742756137340 0.05441559851169586 31
1742756139595 1.0392616987228394 32
1742756141822 0.13637423515319824 33
1742756144258 0.13643132150173187 34
1742756146667 0.058196358382701874 35
1742756149060 0.034061070531606674 36
1742756151247 0.22294026613235474 37
1742756153471 0.033095985651016235 38
1742756155596 0.04371628537774086 39
1742756158427 1.1206446886062622 40
1742756160694 0.18723011016845703 41
1742756162901 0.2008581906557083 42
1742756165103 0.17007595300674438 43
1742756167310 0.03034026362001896 44
1742756169499 0.5083885788917542 45
1742756171615 0.06232013180851936 46
1742756173792 0.12060308456420898 47
1742756175953 0.03561481460928917 48
1742756178139 1.698374629020691 49
1742756180642 0.3317550718784332 50
1742756183122 0.1948154866695404 51
1742756185264 0.0906861275434494 52
1742756187393 0.03609783574938774 53
1742756189715 2.022120475769043 54
1742756191849 0.18548980355262756 55
1742756194086 0.17520193755626678 56
1742756196420 0.08904510736465454 57
1742756198778 0.10457278043031693 58
1742756200979 2.2807111740112305 59
1742756203163 0.22359831631183624 60
1742756205334 0.24468661844730377 61
1742756207423 0.15464717149734497 62
1742756209596 0.6107743382453918 63
1742756211770 0.14412714540958405 64
1742756213944 0.12015005946159363 65
1742756216303 0.828180193901062 66
1742756218476 0.3363956809043884 67
1742756220664 0.1384330540895462 68
1742756222856 0.1394854485988617 69
1742756225017 1.063295841217041 70
1742756227273 0.2322336882352829 71
1742756229538 0.157028466463089 72
1742756231649 0.21091488003730774 73
1742756233921 1.0578304529190063 74
1742756237331 0.38161978125572205 75
1742756239920 0.2649514675140381 76
1742756242733 0.7457969188690186 77
1742756245518 0.2342027872800827 78
1742756247865 0.2522642910480499 79
1742756250550 0.5930333137512207 80
1742756253609 0.4950685203075409 81
1742756256577 0.5861660242080688 82
1742756259506 0.3848070800304413 83
1742756261737 0.5007190108299255 84
1742756264157 0.6094954013824463 85
1742756266913 0.9130493998527527 86
1742756269417 0.8323293328285217 87
1742756272182 0.6293883919715881 88
1742756274845 0.5951732397079468 89
1742756277188 0.8642266988754272 90
1742756279675 0.9495299458503723 91
1742756282210 0.7026084065437317 92
1742756284621 0.5382099747657776 93
1742756287289 0.5130864381790161 94
1742756289684 0.6127320528030396 95
1742756292083 0.5959413647651672 96
1742756294531 0.64313805103302 97
1742756296956 0.7263659834861755 98
1742756299457 0.714347779750824 99
1742756302081 0.8198130130767822 100
1742756304597 0.7733750939369202 101
1742756307021 0.690483570098877 102
1742756309534 0.6102424263954163 103
1742756311860 0.6395808458328247 104
1742756314187 0.6279842257499695 105
1742756316643 0.7235110998153687 106
1742756318989 0.6570678949356079 107
1742756321381 0.6265981197357178 108
1742756323730 0.6821146607398987 109
1742756326409 0.6892325282096863 110
1742756328645 0.720339298248291 111
1742756330956 0.6342601776123047 112
1742756333333 0.6282517910003662 113
1742756335754 0.585641622543335 114
1742756338290 0.5282503366470337 115
1742756340829 0.47946175932884216 116
1742756343697 0.49587419629096985 117
1742756346288 0.48465126752853394 118
1742756348966 0.5626490116119385 119
1742756351483 0.6468559503555298 120
1742756353920 0.5731703042984009 121
1742756356301 0.6187301874160767 122
1742756358677 0.7212594747543335 123
1742756361036 0.5587730407714844 124
1742756363358 0.503855288028717 125
1742756365601 0.5617493987083435 126
1742756367906 0.5568578839302063 127
1742756370165 0.523586630821228 128
1742756372509 0.5299605131149292 129
1742756374817 0.5933789014816284 130
1742756377109 0.5793602466583252 131
1742756379494 0.5738739967346191 132
1742756383773 0.6145128607749939 133
1742756387428 0.44041499495506287 134
1742756390516 0.4205248951911926 135
1742756392823 0.4390004575252533 136
1742756395302 0.44505053758621216 137
1742756397635 0.457614004611969 138
1742756399997 0.5684235692024231 139
1742756402527 0.8049213290214539 140
1742756405582 0.8613256812095642 141
1742756408368 0.5484861135482788 142
1742756411262 0.5712501406669617 143
1742756414555 0.5463888645172119 144
1742756417572 0.5277776718139648 145
1742756420527 0.643932580947876 146
1742756423452 0.5280735492706299 147
1742756426603 0.4506698250770569 148
1742756429562 0.40894225239753723 149
1742756432813 0.309352308511734 150
1742756435634 0.38653144240379333 151
1742756438810 0.3644987940788269 152
1742756442018 0.3880670666694641 153
1742756445291 0.3402612805366516 154
1742756448469 0.41335973143577576 155
1742756451214 0.43046262860298157 156
1742756454281 0.5027194023132324 0
1742756457325 0.42460235953330994 1
1742756460494 0.6093350648880005 2
1742756463443 0.7223447561264038 3
1742756466706 0.800050675868988 4
1742756469665 1.2436702251434326 5
1742756472598 0.6455479860305786 6
1742756475443 0.45317327976226807 7
1742756477801 0.5424433946609497 8
1742756480332 0.4982975125312805 9
1742756482727 0.5201165676116943 10
1742756485024 0.4275358021259308 11
1742756487347 0.3261263370513916 12
1742756489785 0.34168344736099243 13
1742756492194 0.28903234004974365 14
1742756494597 0.4229463040828705 15
1742756497534 0.6791322827339172 16
1742756500294 1.0386779308319092 17
1742756503094 0.5240112543106079 18
1742756505626 0.5267320275306702 19
1742756508850 0.47040674090385437 20
1742756511386 0.47912704944610596 21
1742756513692 0.4900591969490051 22
1742756516061 0.5050339102745056 23
1742756518317 0.483316034078598 24
1742756520531 0.5414831638336182 25
1742756522788 0.43445271253585815 26
1742756525510 0.6104146242141724 27
1742756528538 0.3929775357246399 28
1742756531336 0.3209501802921295 29
1742756533618 0.3026445508003235 30
1742756536368 0.3255612254142761 31
1742756539439 0.32614824175834656 32
1742756542192 0.4843965768814087 33
1742756544516 0.721187174320221 34
1742756547043 0.7567824125289917 35
1742756549633 0.9999585151672363 36
1742756551930 0.5230402946472168 37
1742756554683 0.4771762490272522 38
1742756557578 0.46586453914642334 39
1742756560101 0.597802996635437 40
1742756562585 0.6036316156387329 41
1742756565059 0.6002355813980103 42
1742756567580 0.6661689281463623 43
1742756569861 0.6883941888809204 44
1742756572188 0.6438726186752319 45
1742756574450 0.4880576729774475 46
1742756576679 0.5926870107650757 47
1742756579117 0.5093432068824768 48
1742756581446 0.44995468854904175 49
1742756584017 0.33933860063552856 50
1742756586608 0.46564429998397827 51
1742756588917 0.4561105966567993 52
1742756591221 0.5684661865234375 53
1742756593452 0.7972910404205322 54
1742756595687 0.8286782503128052 55
1742756597995 1.083871603012085 56
1742756600253 0.5511095523834229 57
1742756602465 0.5812300443649292 58
1742756604734 0.6759470701217651 59
1742756606903 0.6401305794715881 60
1742756609196 0.5802371501922607 61
1742756611410 0.609762966632843 62
1742756613620 0.6058207750320435 63
1742756615847 0.5406390428543091 64
1742756618124 0.5562437176704407 65
1742756620408 0.5618637204170227 66
1742756622762 0.6203323602676392 67
1742756625090 0.6194419264793396 68
1742756627439 0.5567466020584106 69
1742756629639 0.49156075716018677 70
1742756632148 0.44267451763153076 71
1742756634440 0.5727235674858093 72
1742756636712 0.5124503374099731 73
1742756639164 0.42314964532852173 74
1742756641370 0.30849045515060425 75
1742756643655 0.5858500003814697 76
1742756645864 0.8420730233192444 77
1742756648090 1.1018495559692383 78
1742756650308 1.2813551425933838 79
1742756652607 0.5313993692398071 80
1742756654865 0.7119378447532654 81
1742756657217 0.576883852481842 82
1742756659553 0.5575463771820068 83
1742756661790 0.6116400957107544 84
1742756664009 0.6889513731002808 85
1742756666353 0.7061967849731445 86
1742756668600 0.706633985042572 87
1742756670930 0.7126320600509644 88
1742756673279 0.717352569103241 89
1742756675523 0.6394510269165039 90
1742756677885 0.5473573207855225 91
1742756680116 0.4818930923938751 92
1742756682393 0.42041051387786865 93
1742756684644 0.48796820640563965 94
1742756687216 0.6838893294334412 95
1742756689565 0.6671847701072693 96
1742756691903 0.6390058994293213 97
1742756694107 0.5281248092651367 98
1742756696337 0.40430331230163574 99
1742756698850 0.4267166256904602 100
1742756701161 0.4896949827671051 101
1742756703407 0.43714773654937744 102
1742756705634 0.45797231793403625 103
1742756707959 0.46049565076828003 104
1742756710415 0.542590856552124 105
1742756712656 0.8789598345756531 106
1742756714924 1.1264371871948242 107
1742756717170 0.6862591505050659 108
1742756719371 0.680938184261322 109
1742756721582 0.6830106973648071 110
1742756723910 0.6629317998886108 111
1742756726185 0.5855412483215332 112
1742756728465 0.5530502796173096 113
1742756730863 0.5529431104660034 114
1742756733135 0.6852550506591797 115
1742756735493 0.5897752046585083 116
1742756737820 0.5553116202354431 117
1742756740101 0.5019494295120239 118
1742756742417 0.7217048406600952 119
1742756744737 0.6507960557937622 120
1742756747166 0.5502318739891052 121
1742756749572 0.6829441785812378 122
1742756751797 0.7245784997940063 123
1742756754082 0.7797799110412598 124
1742756756345 0.648396372795105 125
1742756758652 0.5820722579956055 126
1742756761106 0.44642719626426697 127
1742756763324 0.43471187353134155 128
1742756765555 0.501606285572052 129
1742756767826 0.5337598323822021 130
1742756770058 0.6485812664031982 131
1742756772260 0.6778602600097656 132
1742756774568 0.7937723994255066 133
1742756776886 0.7138189077377319 134
1742756779231 0.6616211533546448 135
1742756781528 0.5332579016685486 136
1742756783857 0.640623927116394 137
1742756786208 0.7358208298683167 138
1742756788516 0.7117946147918701 139
1742756791016 0.6444121599197388 140
1742756793388 0.7403049468994141 141
1742756795934 0.7256463766098022 142
1742756798249 0.6919219493865967 143
1742756800515 0.577632486820221 144
1742756802802 0.4789893329143524 145
1742756805143 0.5190415382385254 146
1742756807454 0.4718041718006134 147
1742756809677 0.48271870613098145 148
1742756812008 0.4697496294975281 149
1742756814512 0.5276870131492615 150
1742756817005 0.5740616917610168 151
1742756819381 0.5963909029960632 152
1742756821719 0.6121980547904968 153
1742756824051 0.8120707869529724 154
1742756826397 0.6466038823127747 155
1742756828497 0.7187022566795349 156
1742756831133 0.6369317770004272 0
1742756833593 0.5304757952690125 1
1742756835973 0.5836836099624634 2
1742756838319 0.6264426708221436 3
1742756840666 0.5548102855682373 4
1742756842991 0.5547174215316772 5
1742756845310 0.5427088737487793 6
1742756847660 0.4778626263141632 7
1742756850042 0.49001598358154297 8
1742756852427 0.4030790627002716 9
1742756854818 0.48286113142967224 10
1742756857092 0.5354208946228027 11
1742756859414 0.5778230428695679 12
1742756861790 0.6116320490837097 13
1742756864134 0.516648530960083 14
1742756866471 0.7608981728553772 15
1742756868772 0.9777336120605469 16
1742756870966 0.6406393051147461 17
1742756873244 0.5444709658622742 18
1742756875570 0.519996702671051 19
1742756877998 0.4597303867340088 20
1742756880288 0.5252562165260315 21
1742756882773 0.42193517088890076 22
1742756885032 0.531447172164917 23
1742756887398 0.5651816129684448 24
1742756889677 0.6399442553520203 25
1742756892023 0.9614861011505127 26
1742756894535 0.8248276710510254 27
1742756896842 0.7756698131561279 28
1742756899226 0.5556750893592834 29
1742756901630 0.5234270691871643 30
1742756904021 0.4860862195491791 31
1742756906344 0.5604342818260193 32
1742756908611 0.5503288507461548 33
1742756911051 0.5617916584014893 34
1742756913347 0.6183475255966187 35
1742756915580 0.5820728540420532 36
1742756917877 0.586857795715332 37
1742756920186 0.6300144195556641 38
1742756922454 0.6740367412567139 39
1742756924741 0.6459863185882568 40
1742756927025 0.5594077706336975 41
1742756929824 0.5143735408782959 42
1742756932314 0.5189899802207947 43
1742756934778 0.6267246007919312 44
1742756936824 0.6520530581474304 45
1742756938963 0.6235387921333313 46
1742756941053 0.5532559156417847 47
1742756943271 0.5884020328521729 48
1742756945826 0.5234466195106506 49
1742756948839 0.4947526454925537 50
1742756951275 0.5582813024520874 51
1742756953549 0.5711982250213623 52
1742756955751 0.625561535358429 53
1742756957908 0.7664775252342224 54
1742756960325 0.6265379786491394 55
1742756962550 0.608773410320282 56
1742756964833 0.6154554486274719 57
1742756967054 0.6377769708633423 58
1742756969316 0.7017530798912048 59
1742756971523 0.7396745681762695 60
1742756973757 0.6529613137245178 61
1742756975985 0.549116849899292 62
1742756978304 0.4626520276069641 63
1742756980470 0.5501375198364258 64
1742756982669 0.5860375165939331 65
1742756984914 0.6642487049102783 66
1742756987250 0.6589059233665466 67
1742756989497 0.6619938611984253 68
1742756991848 0.64703369140625 69
1742756994075 0.6128362417221069 70
1742756996321 0.5988270044326782 71
1742756998699 0.6328241229057312 72
1742757001198 0.6153759956359863 73
1742757003346 0.5620250701904297 74
1742757005512 0.5717211961746216 75
1742757007676 0.5704625844955444 76
1742757010061 0.5399793386459351 77
1742757012217 0.6434887051582336 78
1742757014457 0.6502048969268799 79
1742757016713 0.5715993642807007 80
1742757019389 0.619459867477417 81
1742757022118 0.5827564597129822 82
1742757024455 0.5993781685829163 83
1742757027046 0.5849124193191528 84
1742757029374 0.5545138120651245 85
1742757032080 0.5092955827713013 86
1742757034389 0.5690402388572693 87
1742757036669 0.5091489553451538 88
1742757038983 0.5207524299621582 89
1742757041152 0.5067775249481201 90
1742757043385 0.5159705877304077 91
1742757045629 0.31882020831108093 92
1742757047953 0.4038377106189728 93
1742757050265 0.49751877784729004 94
1742757052455 0.5913556218147278 95
1742757054696 0.6218109726905823 96
1742757056931 0.8058226704597473 97
1742757059141 0.9142666459083557 98
1742757061479 0.5978883504867554 99
1742757063899 0.5748111009597778 100
1742757066705 0.5275187492370605 101
1742757069056 0.5539253950119019 102
1742757071200 0.5829145908355713 103
1742757073313 0.582082986831665 104
1742757075378 0.6371710896492004 105
1742757077484 0.6618417501449585 106
1742757079657 0.6588663458824158 107
1742757081854 0.5889980792999268 108
1742757084009 0.5385288596153259 109
1742757086212 0.5250246524810791 110
1742757088417 0.5129711031913757 111
1742757090506 0.4733879268169403 112
1742757093036 0.5880428552627563 113
1742757095377 0.6370737552642822 114
1742757097766 0.7445380687713623 115
1742757100071 0.7077361941337585 116
1742757102650 0.6236505508422852 117
1742757106060 0.4545510709285736 118
1742757109080 0.3837472200393677 119
1742757112060 0.40492844581604004 120
1742757114381 0.41553831100463867 121
1742757116658 0.46995601058006287 122
1742757118888 0.4481090307235718 123
1742757121186 0.5290513038635254 124
1742757123898 0.6730732917785645 125
1742757126496 0.7820823788642883 126
1742757128853 0.8450270891189575 127
1742757131108 0.5762736201286316 128
1742757133261 0.5163396596908569 129
1742757135490 0.5693351030349731 130
1742757137705 0.5809702277183533 131
1742757139876 0.628437876701355 132
1742757142323 0.6136285662651062 133
1742757144574 0.6350310444831848 134
1742757147468 0.6376844048500061 135
1742757150348 0.5909086465835571 136
1742757153289 0.5362222790718079 137
1742757156344 0.5164150595664978 138
1742757159463 0.5335355997085571 139
1742757162552 0.5520004630088806 140
1742757165168 0.510779619216919 141
1742757167506 0.48537391424179077 142
1742757169764 0.4070718586444855 143
1742757172030 0.4446251690387726 144
1742757174209 0.5503537654876709 145
1742757176421 0.5655139088630676 146
1742757178585 0.5200397372245789 147
1742757180705 0.5239905714988708 148
1742757182844 0.5036739110946655 149
1742757185215 0.5205036997795105 150
1742757187435 0.48878031969070435 151
1742757189571 0.4234788417816162 152
1742757191713 0.3595007061958313 153
1742757193855 0.5779606103897095 154
1742757196241 0.9181697368621826 155
1742757198298 0.7656530141830444 156
1742757201068 0.7144153118133545 0
1742757203383 0.599351167678833 1
1742757205525 0.502341628074646 2
1742757207776 0.43368077278137207 3
1742757209885 0.5252258777618408 4
1742757212001 0.5157338976860046 5
1742757214172 0.6053704023361206 6
1742757216381 0.5623794794082642 7
1742757218582 0.5205212831497192 8
1742757220743 0.4498324990272522 9
1742757222941 0.4676882028579712 10
1742757225211 0.49921277165412903 11
1742757227266 0.45275449752807617 12
1742757229346 0.477580189704895 13
1742757231401 0.3865436315536499 14
1742757233631 0.4692768156528473 15
1742757235712 0.5269997715950012 16
1742757238002 0.5723938345909119 17
1742757240103 0.5316246747970581 18
1742757242314 0.5588719844818115 19
1742757244452 0.5408967137336731 20
1742757246588 0.6355140209197998 21
1742757248805 0.5466368198394775 22
1742757250932 0.6071041822433472 23
1742757253099 0.5951947569847107 24
1742757255205 0.5075434446334839 25
1742757257307 0.47154170274734497 26
1742757259452 0.44774341583251953 27
1742757261634 0.4610106945037842 28
1742757263849 0.48363539576530457 29
1742757266167 0.5887430310249329 30
1742757268378 0.4965365529060364 31
1742757270466 0.600400984287262 32
1742757272785 0.7735448479652405 33
1742757274990 0.7633984684944153 34
1742757277228 0.7163105607032776 35
1742757279434 0.5745136737823486 36
1742757281553 0.44904953241348267 37
1742757283720 0.5586849451065063 38
1742757285796 0.49053317308425903 39
1742757287974 0.5393708348274231 40
1742757290204 0.5381796956062317 41
1742757292366 0.6272435784339905 42
1742757294576 0.5354912877082825 43
1742757296642 0.4015408158302307 44
1742757298789 0.4841782748699188 45
1742757300871 0.4956846833229065 46
1742757302888 0.5852850079536438 47
1742757304931 0.5591847896575928 48
1742757307012 0.5023996829986572 49
1742757309244 0.5307450294494629 50
1742757311789 0.5161967873573303 51
1742757313924 0.33748024702072144 52
1742757316039 0.3631075620651245 53
1742757318098 0.497193843126297 54
1742757320075 0.608823299407959 55
1742757322099 0.601499617099762 56
1742757324174 0.6252192258834839 57
1742757326258 0.579764723777771 58
1742757328454 0.6512697339057922 59
1742757330566 0.6953517198562622 60
1742757332842 0.7533905506134033 61
1742757335013 0.5576794743537903 62
1742757337138 0.3388426601886749 63
1742757339366 0.4414314031600952 64
1742757341671 0.5632027387619019 65
1742757343799 0.6895666122436523 66
1742757345842 0.6328585147857666 67
1742757347910 0.5715677738189697 68
1742757349997 0.581754744052887 69
1742757352032 0.5125616788864136 70
1742757354064 0.4403396248817444 71
1742757356181 0.3737279772758484 72
1742757358356 0.36127787828445435 73
1742757360561 0.4059104919433594 74
1742757362725 0.5091974139213562 75
1742757364898 0.4911113381385803 76
1742757367075 0.5837730169296265 77
1742757369202 0.695850670337677 78
1742757371399 0.6436586380004883 79
1742757373508 0.6010624170303345 80
1742757375678 0.49924638867378235 81
1742757377890 0.4201439619064331 82
1742757380055 0.4803052842617035 83
1742757382157 0.5323021411895752 84
1742757384259 0.475013792514801 85
1742757386372 0.43577706813812256 86
1742757388463 0.4178614616394043 87
1742757390546 0.8182076811790466 88
1742757392559 0.9407825469970703 89
1742757394591 0.5275887846946716 90
1742757396699 0.5071187615394592 91
1742757398801 0.529830276966095 92
1742757400946 0.5851929187774658 93
1742757403122 0.5599283576011658 94
1742757405247 0.4708707928657532 95
1742757407337 0.4499247372150421 96
1742757409502 0.44994544982910156 97
1742757411603 0.500900149345398 98
1742757413778 0.48842906951904297 99
1742757416584 0.5523096323013306 100
1742757419137 0.6038120985031128 101
1742757421327 0.6282439827919006 102
1742757423474 0.5580011010169983 103
1742757425580 0.5414906740188599 104
1742757427823 0.5191887021064758 105
1742757429948 0.5144699811935425 106
1742757432095 0.420963853597641 107
1742757434157 0.43035757541656494 108
1742757436217 0.5120078325271606 109
1742757438313 0.5202984809875488 110
1742757440462 0.4937175214290619 111
1742757442643 0.47712379693984985 112
1742757444850 0.42344561219215393 113
1742757447743 0.4322082996368408 114
1742757449919 0.4406617283821106 115
1742757452054 0.4904441237449646 116
1742757454184 0.45595020055770874 117
1742757456208 0.503236711025238 118
1742757458421 0.5314281582832336 119
1742757460634 0.5074710249900818 120
1742757462974 0.34933239221572876 121
1742757465187 0.34560665488243103 122
1742757467364 0.3323702812194824 123
1742757469475 0.31324130296707153 124
1742757471646 0.19437068700790405 125
1742757473800 0.46903133392333984 126
1742757475945 0.7963001132011414 127
1742757478062 0.5962685942649841 128
1742757480176 0.9654631614685059 129
1742757482313 0.5496453046798706 130
1742757484392 0.531495988368988 131
1742757486512 0.5338990092277527 132
1742757489041 0.5836766958236694 133
1742757491264 0.7267680764198303 134
1742757493391 0.5978535413742065 135
1742757495791 0.6521155834197998 136
1742757498181 0.6919023394584656 137
1742757500296 0.7629244923591614 138
1742757502524 0.539487361907959 139
1742757504876 0.6582306623458862 140
1742757507134 0.6657293438911438 141
1742757509279 0.7158850431442261 142
1742757511364 0.6868744492530823 143
1742757513475 0.6444569230079651 144
1742757515622 0.5789999961853027 145
1742757517732 0.47688162326812744 146
1742757520070 0.4747369587421417 147
1742757522143 0.483084499835968 148
1742757524851 0.4944570064544678 149
1742757527183 0.4849712550640106 150
1742757529463 0.512123167514801 151
1742757531555 0.5161925554275513 152
1742757533641 0.5113863945007324 153
1742757535840 0.4909501075744629 154
1742757538202 0.46656617522239685 155
1742757540063 0.47165095806121826 156
1742757542800 0.490276575088501 0
1742757545213 0.5139585733413696 1
1742757547431 0.5507497191429138 2
1742757549696 0.6550111174583435 3
1742757551902 0.571946918964386 4
1742757554073 0.5106139183044434 5
1742757556184 0.5671451091766357 6
1742757558396 0.596630334854126 7
1742757560602 0.5383909344673157 8
1742757562867 0.4746335744857788 9
1742757564995 0.3173487186431885 10
1742757567091 0.4272977411746979 11
1742757569204 0.5131736993789673 12
1742757571407 0.38907209038734436 13
1742757573559 0.42710229754447937 14
1742757575656 0.4003463387489319 15
1742757577827 0.4375607669353485 16
1742757580064 0.3768545091152191 17
1742757582269 0.45167768001556396 18
1742757584394 0.5890117883682251 19
1742757586486 0.5719494819641113 20
1742757588692 0.5759278535842896 21
1742757590871 0.5654816627502441 22
1742757593209 0.5148970484733582 23
1742757595414 0.48066893219947815 24
1742757597497 0.4317994713783264 25
1742757599611 0.5730321407318115 26
1742757601914 0.6102429032325745 27
1742757604128 0.5813390016555786 28
1742757606482 0.4938945472240448 29
1742757608797 0.4977090656757355 30
1742757610934 0.5046612024307251 31
1742757613174 0.5081992149353027 32
1742757615340 0.46741968393325806 33
1742757617434 0.4022093117237091 34
1742757619717 0.42703136801719666 35
1742757621857 0.4299980700016022 36
1742757624012 0.4643781781196594 37
1742757626104 0.554358720779419 38
1742757628556 0.5112789869308472 39
1742757630718 0.5508816242218018 40
1742757632866 0.35751020908355713 41
1742757635095 0.42639845609664917 42
1742757637280 0.5167827606201172 43
1742757639491 0.44198933243751526 44
1742757641588 0.36047524213790894 45
1742757643756 0.4352141320705414 46
1742757645870 0.6212480068206787 47
1742757647939 0.7339954376220703 48
1742757650004 0.7729274034500122 49
1742757652410 0.6216797828674316 50
1742757654840 0.47187602519989014 51
1742757657282 0.4595862627029419 52
1742757659642 0.4692326784133911 53
1742757661758 0.5014996528625488 54
1742757663833 0.515056312084198 55
1742757665898 0.613368034362793 56
1742757668063 0.7670750021934509 57
1742757670310 0.7796655893325806 58
1742757672382 0.5243238806724548 59
1742757674566 0.42820537090301514 60
1742757676737 0.3575611710548401 61
1742757678843 0.7121915817260742 62
1742757681114 0.47053635120391846 63
1742757683366 0.3736744523048401 64
1742757685668 0.42632967233657837 65
1742757687954 0.44749653339385986 66
1742757690133 0.43278050422668457 67
1742757692284 0.31329596042633057 68
1742757694402 0.4211091697216034 69
1742757696626 0.4255260229110718 70
1742757698917 0.572242021560669 71
1742757701116 0.6786419153213501 72
1742757703349 0.5622933506965637 73
1742757705596 0.4276256859302521 74
1742757707880 0.4162655770778656 75
1742757710140 0.383695125579834 76
1742757712292 0.39578837156295776 77
1742757714534 0.42966893315315247 78
1742757716690 0.5177408456802368 79
1742757718857 0.46015000343322754 80
1742757721032 0.426067054271698 81
1742757723232 0.3909742832183838 82
1742757725422 0.3649601340293884 83
1742757727755 0.38711774349212646 84
1742757730095 0.34164726734161377 85
1742757732190 0.3634049594402313 86
1742757734561 0.44680142402648926 87
1742757736922 0.4025518298149109 88
1742757739160 0.47344744205474854 89
1742757741306 0.4692724347114563 90
1742757743532 0.529442310333252 91
1742757745786 0.6159827709197998 92
1742757747872 0.9371650218963623 93
1742757750008 1.0841270685195923 94
1742757752073 0.3906623125076294 95
1742757754207 0.5387647151947021 96
1742757756348 0.5064212083816528 97
1742757758521 0.5048198103904724 98
1742757760821 0.5477799773216248 99
1742757763225 0.5679104328155518 100
1742757765860 0.5591073632240295 101
1742757768045 0.5347554683685303 102
1742757770306 0.5214645862579346 103
1742757772473 0.6073430776596069 104
1742757774914 0.5381678938865662 105
1742757777145 0.468854695558548 106
1742757779335 0.5496412515640259 107
1742757781512 0.4179699420928955 108
1742757783686 0.406368225812912 109
1742757786001 0.4316410422325134 110
1742757788257 0.31313881278038025 111
1742757790492 0.4200736880302429 112
1742757792724 0.6502281427383423 113
1742757794897 0.9754593372344971 114
1742757797124 0.7834134697914124 115
1742757799387 0.5840896368026733 116
1742757801633 0.4414236843585968 117
1742757803799 0.3585575222969055 118
1742757805985 0.41467466950416565 119
1742757808131 0.42598748207092285 120
1742757810378 0.33253565430641174 121
1742757812530 0.5073143839836121 122
1742757815006 0.44353187084198 123
1742757817159 0.40738552808761597 124
1742757819322 0.37557870149612427 125
1742757821559 0.30073028802871704 126
1742757824399 0.3932707905769348 127
1742757826496 0.35949569940567017 128
1742757828692 0.30002573132514954 129
1742757830923 0.4024949073791504 130
1742757833095 0.3885103762149811 131
1742757835335 0.3191595673561096 132
1742757837553 0.3358479142189026 133
1742757840058 0.3462353050708771 134
1742757842310 0.4052087664604187 135
1742757844567 0.4185025691986084 136
1742757846802 0.4475984573364258 137
1742757849050 0.38511013984680176 138
1742757851283 0.32331591844558716 139
1742757853594 0.38753312826156616 140
1742757855815 0.48703569173812866 141
1742757858023 0.48073822259902954 142
1742757860330 0.5044012069702148 143
1742757862498 0.36272019147872925 144
1742757864810 0.3515566289424896 145
1742757867745 0.3674991726875305 146
1742757870604 0.45135587453842163 147
1742757872878 0.6918841600418091 148
1742757875032 0.600601077079773 149
1742757877431 0.48364460468292236 150
1742757879801 0.4484233260154724 151
1742757882587 0.3455793857574463 152
1742757884828 0.42029473185539246 153
1742757887031 0.34996944665908813 154
1742757889226 0.3151153326034546 155
1742757891136 0.48736807703971863 156
1742757893850 0.7670915722846985 0
1742757896488 0.7998101115226746 1
1742757898699 0.40540242195129395 2
1742757900806 0.4282088279724121 3
1742757902971 0.46635931730270386 4
1742757905115 0.5596632361412048 5
1742757907241 0.6054890751838684 6
1742757909466 0.4475390315055847 7
1742757911879 0.44031018018722534 8
1742757914204 0.41174978017807007 9
1742757916399 0.5519449710845947 10
1742757918602 0.6137377619743347 11
1742757920887 0.6513111591339111 12
1742757923096 0.5137208700180054 13
1742757925326 0.4406023621559143 14
1742757927489 0.4159635305404663 15
1742757929617 0.4513215720653534 16
1742757931822 0.40677210688591003 17
1742757934025 0.31851309537887573 18
1742757936284 0.49031996726989746 19
1742757938561 0.4064202904701233 20
1742757940815 0.3811342716217041 21
1742757942967 0.38039886951446533 22
1742757945204 0.37850475311279297 23
1742757947368 0.3758997321128845 24
1742757949478 0.3163718581199646 25
1742757951644 0.38889920711517334 26
1742757953803 0.3221482038497925 27
1742757955901 0.45113661885261536 28
1742757958077 0.4092823565006256 29
1742757960543 0.5196260213851929 30
1742757963249 0.5150142908096313 31
1742757965439 0.5164356827735901 32
1742757967635 0.5553708076477051 33
1742757969828 0.6909291744232178 34
1742757972133 1.024715542793274 35
1742757974367 0.7053195238113403 36
1742757976628 0.7184063196182251 37
1742757978752 0.69022536277771 38
1742757980849 0.4975864291191101 39
1742757982935 0.37344789505004883 40
1742757984963 0.42051535844802856 41
1742757987125 0.5098132491111755 42
1742757989259 0.5586737394332886 43
1742757991362 0.48590904474258423 44
1742757993453 0.6895886063575745 45
1742757995648 0.7844197154045105 46
1742757997818 0.9285537600517273 47
1742757999871 0.5132225155830383 48
1742758001962 0.5105159878730774 49
1742758004313 0.5599408149719238 50
1742758006677 0.617631196975708 51
1742758008856 0.4337180554866791 52
1742758011085 0.42949816584587097 53
1742758013306 0.4556279480457306 54
1742758015446 0.5026618242263794 55
1742758017535 0.4459526240825653 56
1742758019745 0.46413668990135193 57
1742758022012 0.4324829876422882 58
1742758024187 0.3625834286212921 59
1742758026411 0.41173166036605835 60
1742758028799 0.5350222587585449 61
1742758031021 0.5787464380264282 62
1742758033155 0.4713078737258911 63
1742758035445 0.5860679149627686 64
1742758037612 0.49012047052383423 65
1742758039915 0.46342816948890686 66
1742758042065 0.40849727392196655 67
1742758044299 0.3869115114212036 68
1742758046582 0.43677201867103577 69
1742758048796 0.49097853899002075 70
1742758051133 0.5848367214202881 71
1742758053417 0.3694283366203308 72
1742758055651 0.3761865496635437 73
1742758058010 0.3843773603439331 74
1742758060163 0.28293856978416443 75
1742758062366 0.2597696781158447 76
1742758064670 0.19939327239990234 77
1742758066895 0.2940105199813843 78
1742758069159 0.364192932844162 79
1742758071467 0.7884451746940613 80
1742758073666 1.2393285036087036 81
1742758075952 2.061838388442993 82
1742758078165 0.36321523785591125 83
1742758080407 0.6648853421211243 84
1742758083131 0.3828607201576233 85
1742758085331 0.34707826375961304 86
1742758087535 0.40336063504219055 87
1742758089706 0.440858393907547 88
1742758091836 0.45185333490371704 89
1742758094002 0.6377374529838562 90
1742758096201 0.49453961849212646 91
1742758098454 0.5078171491622925 92
1742758100737 0.5210071802139282 93
1742758102981 0.463758260011673 94
1742758105376 0.49189257621765137 95
1742758107508 0.45030200481414795 96
1742758109632 0.3668760657310486 97
1742758111769 0.4001690745353699 98
1742758113832 0.4052870273590088 99
1742758116352 0.34435343742370605 100
1742758118701 0.5156252384185791 101
1742758120930 0.6650543808937073 102
1742758123131 0.47605761885643005 103
1742758125388 0.6063326001167297 104
1742758127577 0.5902119874954224 105
1742758129798 0.43153175711631775 106
1742758131938 0.45979928970336914 107
1742758134017 0.47389495372772217 108
1742758136210 0.33406394720077515 109
1742758138345 0.28139054775238037 110
1742758140609 0.48124632239341736 111
1742758142908 0.6902917623519897 112
1742758145086 0.5676078200340271 113
1742758147340 0.44657641649246216 114
1742758149533 0.5236281156539917 115
1742758151782 0.43465498089790344 116
1742758154004 0.4264261722564697 117
1742758156203 0.46708133816719055 118
1742758158541 0.4138782024383545 119
1742758160973 0.3639037013053894 120
1742758163191 0.3960344195365906 121
1742758165369 0.45623713731765747 122
1742758167598 0.42215263843536377 123
1742758169811 0.42557230591773987 124
1742758172092 0.4384075999259949 125
1742758174223 0.5464280843734741 126
1742758176336 1.032972812652588 127
1742758178487 1.3531414270401 128
1742758180655 0.43369060754776 129
1742758182965 0.42993494868278503 130
1742758185054 0.4762374460697174 131
1742758187207 0.4278646409511566 132
1742758189268 0.48656225204467773 133
1742758191363 0.5573688745498657 134
1742758193423 0.43269339203834534 135
1742758195557 0.42786478996276855 136
1742758197748 0.41372644901275635 137
1742758199945 0.3755412697792053 138
1742758202059 0.47373074293136597 139
1742758204184 0.5562383532524109 140
1742758206327 0.5006363391876221 141
1742758208518 0.5618370771408081 142
1742758210606 0.6653215289115906 143
1742758212831 0.572018027305603 144
1742758215042 0.4039055109024048 145
1742758217277 0.2845892906188965 146
1742758219499 0.41948777437210083 147
1742758221716 0.4499567449092865 148
1742758223953 0.41210758686065674 149
1742758226396 0.39687010645866394 150
1742758228794 0.4152618646621704 151
1742758231033 0.4906242787837982 152
1742758233350 0.720341145992279 153
1742758235634 0.6655985116958618 154
1742758237919 0.4873443841934204 155
1742758239865 0.5159183740615845 156
1742758242616 0.4788380265235901 0
1742758245122 0.42569369077682495 1
1742758247296 0.41883939504623413 2
1742758249482 0.2968994975090027 3
1742758251608 0.5646543502807617 4
1742758253806 0.7738443613052368 5
1742758255932 0.45029959082603455 6
1742758258098 0.4743773341178894 7
1742758260329 0.41441071033477783 8
1742758262531 0.3848575949668884 9
1742758264750 0.3675850033760071 10
1742758266969 0.38176801800727844 11
1742758269245 0.3420396149158478 12
1742758271536 0.30317145586013794 13
1742758273850 0.46427738666534424 14
1742758276230 0.5229567289352417 15
1742758278458 0.5815993547439575 16
1742758280720 0.5708617568016052 17
1742758282935 0.5433740019798279 18
1742758285156 0.5706479549407959 19
1742758287377 0.5092555284500122 20
1742758289552 0.41336819529533386 21
1742758291739 0.5616661906242371 22
1742758293887 0.5188884139060974 23
1742758296000 0.5482626557350159 24
1742758298155 0.5428614020347595 25
1742758300279 0.35765936970710754 26
1742758302435 0.6873201131820679 27
1742758304556 0.8969782590866089 28
1742758306837 0.5483567714691162 29
1742758308987 0.5389331579208374 30
1742758311206 0.4993559420108795 31
1742758313342 0.4163390100002289 32
1742758315574 0.41480252146720886 33
1742758317767 0.3167269229888916 34
1742758319923 0.4603692293167114 35
1742758322055 0.513949990272522 36
1742758324184 0.5161923766136169 37
1742758326339 0.43503567576408386 38
1742758328519 0.4877844452857971 39
1742758330631 0.5727699398994446 40
1742758332875 0.5332870483398438 41
1742758335090 0.5742440223693848 42
1742758337455 0.5859791040420532 43
1742758339752 0.5312905311584473 44
1742758341954 0.4029799699783325 45
1742758344248 0.36631208658218384 46
1742758346439 0.5350840091705322 47
1742758348719 0.5680509805679321 48
1742758350818 0.4294365644454956 49
1742758353159 0.3816380500793457 50
1742758355566 0.35141122341156006 51
1742758357756 0.4221397638320923 52
1742758359986 0.5350552797317505 53
1742758362223 0.5422576069831848 54
1742758364469 0.4387754201889038 55
1742758366653 0.3227207362651825 56
1742758368823 0.30728715658187866 57
1742758370913 0.3186671733856201 58
1742758373038 0.39792686700820923 59
1742758375264 0.5121976137161255 60
1742758377519 0.4773333966732025 61
1742758379647 0.5924791693687439 62
1742758381767 0.592803418636322 63
1742758384025 0.4977416694164276 64
1742758386227 0.3858296275138855 65
1742758388340 0.5369120240211487 66
1742758391093 0.4188114106655121 67
1742758393359 0.2155473530292511 68
1742758395561 0.3772035539150238 69
1742758397865 0.3817572295665741 70
1742758400143 0.4779771566390991 71
1742758402417 0.40124574303627014 72
1742758404677 0.5924215912818909 73
1742758406952 0.6960685849189758 74
1742758409184 0.6905044317245483 75
1742758411488 0.711496889591217 76
1742758413729 0.3586403429508209 77
1742758415968 0.43348264694213867 78
1742758418263 0.5781779885292053 79
1742758420523 0.5365182161331177 80
1742758422771 0.6036702990531921 81
1742758425065 0.7155434489250183 82
1742758427264 0.6541123986244202 83
1742758429522 0.48555269837379456 84
1742758432036 0.33169642090797424 85
1742758434277 0.32481127977371216 86
1742758436505 0.3194246292114258 87
1742758438754 0.389717161655426 88
1742758440965 0.37161490321159363 89
1742758443151 0.46069884300231934 90
1742758445339 0.4134615361690521 91
1742758447611 0.4729002118110657 92
1742758450284 0.6338222622871399 93
1742758452774 0.5296566486358643 94
1742758455297 0.3963269889354706 95
1742758457546 0.3343007266521454 96
1742758459690 0.4681376516819 97
1742758461981 0.33806324005126953 98
1742758464112 0.36324194073677063 99
1742758466607 0.5538896918296814 100
1742758469137 0.7858089804649353 101
1742758471454 1.7381058931350708 102
1742758473677 0.6183183789253235 103
1742758475960 0.46580079197883606 104
1742758478183 0.46490660309791565 105
1742758480377 0.46818408370018005 106
1742758482641 0.4545575976371765 107
1742758484860 0.47745662927627563 108
1742758487208 0.453982412815094 109
1742758489435 0.4580773711204529 110
1742758491740 0.4941750466823578 111
1742758493974 0.49175262451171875 112
1742758496216 0.48437076807022095 113
1742758498378 0.4704296886920929 114
1742758500645 0.4222843050956726 115
1742758502894 0.4145849347114563 116
1742758505137 0.42461246252059937 117
1742758507389 0.4621966481208801 118
1742758509635 0.4697553813457489 119
1742758511934 0.44151419401168823 120
1742758514190 0.5635005831718445 121
1742758516487 0.44732028245925903 122
1742758518778 0.42690926790237427 123
1742758521189 0.3686455488204956 124
1742758523560 0.25016075372695923 125
1742758525809 0.4053304195404053 126
1742758528366 0.41511380672454834 127
1742758530852 0.6579047441482544 128
1742758533671 0.6957409381866455 129
1742758535873 0.35306182503700256 130
1742758538157 0.379161536693573 131
1742758540362 0.4033474624156952 132
1742758542626 0.27676111459732056 133
1742758544959 0.35836249589920044 134
1742758547225 0.51075679063797 135
1742758549698 0.6361305713653564 136
1742758552087 0.593641459941864 137
1742758554495 0.5408450365066528 138
1742758557260 0.4170660376548767 139
1742758559487 0.28874194622039795 140
1742758561719 0.28673887252807617 141
1742758563948 0.4207357168197632 142
1742758566216 0.5091018080711365 143
1742758568528 0.5586303472518921 144
1742758571105 0.3402572572231293 145
1742758573558 0.4016161561012268 146
1742758575907 0.6386911869049072 147
1742758578300 1.1186280250549316 148
1742758580689 0.31385040283203125 149
1742758583239 0.7042768001556396 150
1742758585935 0.9947954416275024 151
1742758588678 0.6592739224433899 152
1742758590916 0.37669000029563904 153
1742758593194 0.4032331705093384 154
1742758595932 0.5169864892959595 155
1742758597841 0.5286043882369995 156
1742758600547 0.5391045808792114 0
1742758603236 0.44788408279418945 1
1742758605750 0.5248616933822632 2
1742758608043 0.4969651699066162 3
1742758610330 0.5143702626228333 4
1742758612806 0.4295072555541992 5
1742758615000 0.4636867642402649 6
1742758617228 0.5060906410217285 7
1742758619708 0.5584672093391418 8
1742758621860 0.5772877335548401 9
1742758624150 0.6267866492271423 10
1742758626382 0.40919557213783264 11
1742758628641 0.398031085729599 12
1742758630839 0.3211059868335724 13
1742758633118 0.5414846539497375 14
1742758635359 0.611542284488678 15
1742758637535 0.4112290143966675 16
1742758639878 0.32206469774246216 17
1742758642185 0.2806240916252136 18
1742758644420 0.34586596488952637 19
1742758646619 0.31545543670654297 20
1742758648897 0.5467150807380676 21
1742758651191 0.6728196144104004 22
1742758653774 0.5834074020385742 23
1742758656002 0.41050994396209717 24
1742758658146 0.4459708333015442 25
1742758660419 0.4208727478981018 26
1742758662653 0.3148186206817627 27
1742758664808 0.4068939983844757 28
1742758666974 0.4127821624279022 29
1742758669201 0.24766945838928223 30
1742758671295 0.255069762468338 31
1742758673496 0.2209954708814621 32
1742758675927 0.6974781155586243 33
1742758678569 1.7201305627822876 34
1742758680907 0.39611777663230896 35
1742758683425 0.6717999577522278 36
1742758686141 0.8105716109275818 37
1742758688485 0.4298850893974304 38
1742758690776 0.32617443799972534 39
1742758693006 0.3424970507621765 40
1742758695232 0.44571012258529663 41
1742758697424 0.32815825939178467 42
1742758699729 0.3483600616455078 43
1742758701986 0.4565207362174988 44
1742758704276 0.4284546971321106 45
1742758706508 0.3948962688446045 46
1742758709425 0.332348108291626 47
1742758711642 0.6201488971710205 48
1742758713860 0.942325234413147 49
1742758716346 0.5749357342720032 50
1742758719056 0.37273356318473816 51
1742758721672 0.2697625160217285 52
1742758723837 0.2584410011768341 53
1742758726027 0.2640503942966461 54
1742758728218 0.34101027250289917 55
1742758730425 0.3072884678840637 56
1742758732651 0.24922820925712585 57
1742758734744 0.30194181203842163 58
1742758736881 0.3400253653526306 59
1742758739119 0.27176958322525024 60
1742758741375 0.21200576424598694 61
1742758743678 0.27334141731262207 62
1742758746047 0.2962384819984436 63
1742758748405 0.5614719390869141 64
1742758751299 0.9639578461647034 65
1742758753626 0.5105243921279907 66
1742758755851 0.7117154598236084 67
1742758758143 0.8709900379180908 68
1742758760296 1.0090194940567017 69
1742758762423 0.4432644844055176 70
1742758764601 0.41133543848991394 71
1742758766721 0.5332000255584717 72
1742758768942 0.3593744933605194 73
1742758771103 0.47224628925323486 74
1742758773279 0.3503190875053406 75
1742758775501 0.43681657314300537 76
1742758777793 0.4998007118701935 77
1742758780005 0.5752367973327637 78
1742758782565 0.6624460220336914 79
1742758785471 0.65509432554245 80
1742758788244 0.6200461387634277 81
1742758790478 0.5233356952667236 82
1742758792651 0.4678161144256592 83
1742758794818 0.4452383518218994 84
1742758797003 0.4857499301433563 85
1742758799610 0.49944353103637695 86
1742758802038 0.5836219191551208 87
1742758804283 0.6928062438964844 88
1742758806650 0.5455335974693298 89
1742758808775 0.446219265460968 90
1742758811067 0.42965102195739746 91
1742758813350 0.4890013635158539 92
1742758815669 0.6340096592903137 93
1742758818129 0.5261443853378296 94
1742758820424 0.5454553365707397 95
1742758822614 0.49164795875549316 96
1742758824877 0.26205846667289734 97
1742758826968 0.27892547845840454 98
1742758829119 0.2754454016685486 99
1742758831494 0.2813219428062439 100
1742758833973 0.2663007378578186 101
1742758836223 0.27645960450172424 102
1742758838591 0.5235824584960938 103
1742758840879 0.6357221007347107 104
1742758843190 0.6767134666442871 105
1742758845458 0.5138387680053711 106
1742758847644 0.5320652723312378 107
1742758849937 0.4786219894886017 108
1742758852162 0.37942856550216675 109
1742758854456 0.197532519698143 110
1742758856805 0.2603498697280884 111
1742758859029 0.26941823959350586 112
1742758861284 0.21606943011283875 113
1742758863502 0.41671231389045715 114
1742758865710 0.6266943216323853 115
1742758867970 0.30594611167907715 116
1742758870054 0.38947194814682007 117
1742758872238 0.5508915781974792 118
1742758874408 0.3805154263973236 119
1742758876588 0.3715214133262634 120
1742758878877 0.09577293694019318 121
1742758881093 0.8469664454460144 122
1742758883297 1.355837106704712 123
1742758885504 0.23610135912895203 124
1742758887726 0.5778950452804565 125
1742758889932 0.5765048265457153 126
1742758892136 0.4378599226474762 127
1742758894334 0.4430486857891083 128
1742758896602 0.4252714514732361 129
1742758898798 0.3509693741798401 130
1742758901014 0.40130704641342163 131
1742758903201 0.3880610466003418 132
1742758905451 0.24670976400375366 133
1742758907673 0.4428294897079468 134
1742758909993 0.5397305488586426 135
1742758912135 0.7101222276687622 136
1742758914280 0.8355510234832764 137
1742758916403 0.26965659856796265 138
1742758918539 0.25357192754745483 139
1742758920828 0.2064850926399231 140
1742758923501 0.36314326524734497 141
1742758925752 0.2948774993419647 142
1742758928038 0.27844634652137756 143
1742758930394 0.18199318647384644 144
1742758932788 0.6798316836357117 145
1742758935142 0.895776629447937 146
1742758938154 0.16297149658203125 147
1742758940801 0.5395120978355408 148
1742758943922 0.5783087611198425 149
1742758947070 0.3166009187698364 150
1742758949840 0.22148257493972778 151
1742758952144 0.20143912732601166 152
1742758954270 0.4449673891067505 153
1742758956639 0.43978410959243774 154
1742758958915 0.5169030427932739 155
1742758961514 0.5338732004165649 156
1742758964657 0.4607141613960266 0
1742758967552 0.47494399547576904 1
1742758970337 0.19225776195526123 2
1742758973086 0.5090023875236511 3
1742758975840 1.1043835878372192 4
1742758978605 0.5394420623779297 5
1742758981125 0.4573870003223419 6
1742758983823 0.2455419898033142 7
1742758987283 0.20351484417915344 8
1742758990048 0.1847100555896759 9
1742758992689 0.2984428107738495 10
1742758995797 0.2688545286655426 11
1742758998507 0.31211528182029724 12
1742759001511 0.2912367284297943 13
1742759004193 0.24013075232505798 14
1742759007085 0.3424054980278015 15
1742759010042 0.5127251744270325 16
1742759012505 0.4527229070663452 17
1742759014904 0.2490050494670868 18
1742759017341 0.11959746479988098 19
1742759019615 0.9211305379867554 20
1742759021964 1.8251029253005981 21
1742759024237 0.40359556674957275 22
1742759026465 0.9529975652694702 23
1742759028715 0.28671908378601074 24
1742759031119 0.22673730552196503 25
1742759033593 0.4216281473636627 26
1742759035916 0.33245471119880676 27
1742759038345 0.16707295179367065 28
1742759041124 0.48498743772506714 29
1742759043369 0.5021987557411194 30
1742759046400 0.3646150231361389 31
1742759048935 0.3772793114185333 32
1742759051567 0.24967357516288757 33
1742759053988 0.14390462636947632 34
1742759056303 0.8790673613548279 35
1742759058888 0.9714416265487671 36
1742759061419 0.264904260635376 37
1742759064154 0.22408895194530487 38
1742759066708 0.3921758830547333 39
1742759068935 0.3622136414051056 40
1742759071243 0.13596203923225403 41
1742759073793 0.26419466733932495 42
1742759075967 0.20347477495670319 43
1742759078153 0.21331635117530823 44
1742759080421 0.31447160243988037 45
1742759082811 0.2410016804933548 46
1742759085194 0.25458824634552 47
1742759087438 0.18184581398963928 48
1742759090383 0.3796008229255676 49
1742759093823 0.4486689865589142 50
1742759097136 0.48198649287223816 51
1742759099863 0.3831528127193451 52
1742759102801 0.18495295941829681 53
1742759105666 0.1375068724155426 54
1742759108428 0.10356032848358154 55
1742759111057 0.7213603854179382 56
1742759113439 1.6017072200775146 57
1742759115824 0.399313360452652 58
1742759118373 1.0265772342681885 59
1742759120867 0.646848201751709 60
1742759123265 0.2884533703327179 61
1742759125897 0.3671237528324127 62
1742759128841 0.4417186677455902 63
1742759131342 0.3686877489089966 64
1742759133687 0.3430679440498352 65
1742759136044 0.3962792754173279 66
1742759138500 0.438001811504364 67
1742759141369 0.362082302570343 68
1742759144042 0.22214893996715546 69
1742759147014 0.21811652183532715 70
1742759149635 0.2486167550086975 71
1742759152636 0.2298503965139389 72
1742759155400 0.19511058926582336 73
1742759158169 0.32938116788864136 74
1742759161350 0.3506074845790863 75
1742759164396 0.21312947571277618 76
1742759167121 0.14242801070213318 77
1742759169659 0.13203862309455872 78
1742759172597 0.2986094355583191 79
1742759175511 0.8391219973564148 80
1742759178184 0.9012506604194641 81
1742759180566 1.2906965017318726 82
1742759183613 0.21841579675674438 83
1742759186724 0.4580676555633545 84
1742759189625 0.5509401559829712 85
1742759192409 0.6650611758232117 86
1742759194871 0.5008633136749268 87
1742759197257 0.34353014826774597 88
1742759199749 0.3092895746231079 89
1742759202174 0.31813955307006836 90
1742759204615 0.34502169489860535 91
1742759207147 0.29396551847457886 92
1742759210243 0.3707897961139679 93
1742759212965 0.3554343283176422 94
1742759215482 0.29160523414611816 95
1742759218384 0.3015911877155304 96
1742759221033 0.5368350744247437 97
1742759223640 0.6805369853973389 98
1742759226161 0.1270853728055954 99
1742759229186 0.6158242225646973 100
1742759232316 0.9425135254859924 101
1742759235254 0.13771574199199677 102
1742759238324 0.8210268616676331 103
1742759241269 1.1574158668518066 104
1742759243710 0.41214892268180847 105
1742759246284 0.29063040018081665 106
1742759249318 0.5352268815040588 107
1742759251932 0.5880424976348877 108
1742759254496 0.474295437335968 109
1742759257044 0.2614612281322479 110
1742759259835 0.16793838143348694 111
1742759262603 0.5055820345878601 112
1742759265131 0.5726446509361267 113
1742759267576 0.383768767118454 114
1742759270083 0.2621415853500366 115
1742759273001 0.27475664019584656 116
1742759275412 0.2262842357158661 117
1742759277841 0.2760547995567322 118
1742759280435 0.23588240146636963 119
1742759283186 0.18190228939056396 120
1742759285949 0.26419001817703247 121
1742759288868 0.25284668803215027 122
1742759291918 0.13695308566093445 123
1742759294533 0.5204135179519653 124
1742759296922 0.8104537129402161 125
1742759299789 0.15527154505252838 126
1742759302745 0.0894930362701416 127
1742759305663 0.9338406324386597 128
1742759308419 1.5880151987075806 129
1742759310916 0.28344351053237915 130
1742759313632 0.8546380400657654 131
1742759316252 1.1672762632369995 132
1742759318670 0.4694057106971741 133
1742759320984 0.40893101692199707 134
1742759323462 0.40251624584198 135
1742759325903 0.4519473612308502 136
1742759328383 0.396295964717865 137
1742759331303 0.41959691047668457 138
1742759333954 0.2789264917373657 139
1742759336362 0.3051389753818512 140
1742759339174 0.46840450167655945 141
1742759341654 0.6769033074378967 142
1742759344311 0.5580129623413086 143
1742759346870 0.32257387042045593 144
1742759349738 0.22555354237556458 145
1742759352597 0.3145427703857422 146
1742759355367 0.35791242122650146 147
1742759358298 0.25266918540000916 148
1742759360888 0.3304656147956848 149
1742759364042 0.23232629895210266 150
1742759366828 0.19783347845077515 151
1742759369296 0.24556517601013184 152
1742759371752 0.21808896958827972 153
1742759374178 0.2348911464214325 154
1742759376827 0.3272360563278198 155
1742759379549 0.3113475441932678 156
1742759382424 0.17735180258750916 0
1742759385708 0.17610445618629456 1
1742759387964 0.25148674845695496 2
1742759390105 0.2888900637626648 3
1742759392465 0.2404530644416809 4
1742759395243 0.15485689043998718 5
1742759397851 0.5507215857505798 6
1742759400316 1.3193042278289795 7
1742759403377 0.11188632249832153 8
1742759406038 1.5634093284606934 9
1742759408357 1.7090115547180176 10
1742759410600 0.4482570290565491 11
1742759413130 0.8570298552513123 12
1742759415738 0.2791154384613037 13
1742759418529 0.3831358551979065 14
1742759420998 0.3572107255458832 15
1742759423263 0.3134845495223999 16
1742759425841 0.25970178842544556 17
1742759428898 0.3346076011657715 18
1742759432090 0.3013244867324829 19
1742759434612 0.25500744581222534 20
1742759438044 0.25257012248039246 21
1742759440506 0.31985509395599365 22
1742759443513 0.17652735114097595 23
1742759445973 0.5178860425949097 24
1742759448246 0.7838243842124939 25
1742759450568 0.15006932616233826 26
1742759452824 0.48901090025901794 27
1742759454914 0.5116995573043823 28
1742759457241 0.13935653865337372 29
1742759459436 0.45719411969184875 30
1742759461700 0.4132871925830841 31
1742759463819 0.19815406203269958 32
1742759466043 0.2596404552459717 33
1742759468190 0.26176559925079346 34
1742759470208 0.13513945043087006 35
1742759472282 0.18781766295433044 36
1742759474425 0.13227730989456177 37
1742759476706 0.09142783284187317 38
1742759478772 0.7777210474014282 39
1742759480942 1.5129194259643555 40
1742759483075 0.4497511088848114 41
1742759485234 1.0357798337936401 42
1742759487385 0.6993091702461243 43
1742759489574 0.2637879252433777 44
1742759491990 0.4773760139942169 45
1742759494436 0.2852872908115387 46
1742759497083 0.26413699984550476 47
1742759500135 0.32728517055511475 48
1742759503674 0.2887221872806549 49
1742759507528 0.31661468744277954 50
1742759510753 0.2932046055793762 51
1742759513743 0.22152379155158997 52
1742759516066 0.34112635254859924 53
1742759518243 0.4459167718887329 54
1742759520996 0.3645552396774292 55
1742759523113 0.23194608092308044 56
1742759525279 0.14601223170757294 57
1742759528233 0.10873756557703018 58
1742759531128 0.5715579390525818 59
1742759533845 0.9880036115646362 60
1742759536027 0.13920344412326813 61
1742759538162 0.87300044298172 62
1742759540239 1.1301753520965576 63
1742759542815 0.31240540742874146 64
1742759545627 0.3237702250480652 65
1742759547830 0.37883323431015015 66
1742759550129 0.2158229649066925 67
1742759552270 0.17109531164169312 68
1742759554354 0.25499576330184937 69
1742759556460 0.22046680748462677 70
1742759558585 0.4346156716346741 71
1742759560711 0.4492548704147339 72
1742759562850 0.41160184144973755 73
1742759565085 0.35939356684684753 74
1742759567274 0.21622298657894135 75
1742759569830 0.12431792914867401 76
1742759572155 0.32216304540634155 77
1742759574797 0.20723584294319153 78
1742759577898 0.39321956038475037 79
1742759580638 0.4123314321041107 80
1742759583688 0.6153146624565125 81
1742759586064 0.656574010848999 82
1742759588403 0.10606379806995392 83
1742759590602 0.7230210900306702 84
1742759593062 0.5353769659996033 85
1742759595226 0.2328907549381256 86
1742759597371 0.3549668788909912 87
1742759599652 0.3547447919845581 88
1742759601761 0.1555674970149994 89
1742759604431 0.5485018491744995 90
1742759606510 0.9546350836753845 91
1742759608558 0.13385823369026184 92
1742759610671 0.8438908457756042 93
1742759612831 0.7548019289970398 94
1742759615100 0.2997789680957794 95
1742759617250 0.4950438141822815 96
1742759619503 0.43598034977912903 97
1742759621726 0.3583593964576721 98
1742759623904 0.25845009088516235 99
1742759626393 0.18997716903686523 100
1742759628548 0.3489777445793152 101
1742759630626 0.34259486198425293 102
1742759632783 0.14036673307418823 103
1742759634852 0.7594641447067261 104
1742759637685 0.6591911315917969 105
1742759640143 0.2644824683666229 106
1742759642573 0.20325836539268494 107
1742759644890 0.22087042033672333 108
1742759647288 0.28715574741363525 109
1742759649751 0.26859405636787415 110
1742759651839 0.18099254369735718 111
1742759654096 0.11990809440612793 112
1742759656277 0.648076057434082 113
1742759658535 1.07407808303833 114
1742759660693 0.26146766543388367 115
1742759662899 0.5208432674407959 116
1742759665068 0.37898433208465576 117
1742759667383 0.14682678878307343 118
1742759669609 0.3912627398967743 119
1742759671769 0.3194497227668762 120
1742759673896 0.1390889436006546 121
1742759675995 0.4456750154495239 122
1742759678175 0.5947281122207642 123
1742759680354 0.19902807474136353 124
1742759682653 0.19181039929389954 125
1742759684857 0.2265426516532898 126
1742759687062 0.2555943727493286 127
1742759689154 0.14626966416835785 128
1742759691195 0.09366661310195923 129
1742759693390 0.12553943693637848 130
1742759695543 0.13757449388504028 131
1742759697717 0.2272203266620636 132
1742759700004 0.25485238432884216 133
1742759702195 0.4137498736381531 134
1742759704620 0.4156569540500641 135
1742759706813 0.44978615641593933 136
1742759708928 0.7738056182861328 137
1742759711080 0.5583175420761108 138
1742759713188 1.1296813488006592 139
1742759715305 0.46478432416915894 140
1742759717444 0.1894458830356598 141
1742759719618 0.22367705404758453 142
1742759721752 0.25618430972099304 143
1742759723950 0.19688813388347626 144
1742759726112 0.2571874260902405 145
1742759728263 0.26805052161216736 146
1742759730367 0.5507450699806213 147
1742759732558 0.6108424663543701 148
1742759734728 0.4131493866443634 149
1742759737185 0.21922406554222107 150
1742759739526 0.17781014740467072 151
1742759741722 0.2732057273387909 152
1742759744161 0.2641860246658325 153
1742759746513 0.09089796245098114 154
1742759748977 0.5840650200843811 155
1742759751467 0.46595102548599243 156
1742759753943 0.47716397047042847 0
1742759756364 1.1698708534240723 1
1742759758453 0.6316340565681458 2
1742759760604 0.12973207235336304 3
1742759762814 0.8574002981185913 4
1742759765006 0.6887624859809875 5
1742759767123 0.22321367263793945 6
1742759769259 0.35120487213134766 7
1742759771500 0.20195206999778748 8
1742759773863 0.17596027255058289 9
1742759776443 0.3097337484359741 10
1742759778747 0.2695648670196533 11
1742759781005 0.14573097229003906 12
1742759783262 0.3624284863471985 13
1742759785513 0.3554892838001251 14
1742759787687 0.2159980833530426 15
1742759789869 0.10003311187028885 16
1742759791985 0.6955429315567017 17
1742759794029 1.222031831741333 18
1742759796113 0.24806112051010132 19
1742759798199 0.2545556128025055 20
1742759800304 0.2729719877243042 21
1742759802549 0.39839184284210205 22
1742759804716 0.2650277316570282 23
1742759806894 0.10942445695400238 24
1742759809125 0.1476566195487976 25
1742759811290 0.23069319128990173 26
1742759813488 0.20927904546260834 27
1742759815567 0.10284918546676636 28
1742759817853 0.1622297614812851 29
1742759819989 0.13469433784484863 30
1742759822146 0.14002835750579834 31
1742759824291 0.1177075058221817 32
1742759826544 0.21331968903541565 33
1742759828693 0.2095707654953003 34
1742759830783 0.08444362878799438 35
1742759832896 0.07406976819038391 36
1742759834966 0.23402675986289978 37
1742759837063 0.4056204855442047 38
1742759839311 0.6095004081726074 39
1742759841481 0.8426553606987 40
1742759843919 0.2019149363040924 41
1742759846049 0.17833714187145233 42
1742759848540 0.2832016944885254 43
1742759850746 0.4288230538368225 44
1742759852940 0.3174506425857544 45
1742759855319 0.30697542428970337 46
1742759857735 0.10574349761009216 47
1742759859966 0.14695733785629272 48
1742759862436 0.07970420271158218 49
1742759865838 0.5383434295654297 50
1742759868891 1.5901633501052856 51
1742759871805 0.33500808477401733 52
1742759874760 0.3446601629257202 53
1742759877773 0.8292834162712097 54
1742759880738 0.5772483944892883 55
1742759883563 0.30574968457221985 56
1742759886365 0.28387174010276794 57
1742759889294 0.17547819018363953 58
1742759892329 0.24006623029708862 59
1742759895059 0.09917886555194855 60
1742759897171 0.5251590609550476 61
1742759899266 0.999775230884552 62
1742759901390 0.30715933442115784 63
1742759903681 0.28337717056274414 64
1742759905860 0.25349873304367065 65
1742759908000 0.29400867223739624 66
1742759910087 0.21784791350364685 67
1742759912241 0.19189664721488953 68
1742759915005 0.21711644530296326 69
1742759918017 0.47456344962120056 70
1742759921386 0.4503372013568878 71
1742759924312 0.14475858211517334 72
1742759926986 0.25686487555503845 73
1742759930163 0.22103095054626465 74
1742759932896 0.11395537108182907 75
1742759935371 1.036849021911621 76
1742759937556 1.6615145206451416 77
1742759939648 0.5602431893348694 78
1742759942032 0.8798902034759521 79
1742759944327 0.29369884729385376 80
1742759946555 0.3342646062374115 81
1742759949189 0.49779391288757324 82
1742759951772 0.2073613703250885 83
1742759953983 0.24156062304973602 84
1742759956242 0.2262721210718155 85
1742759958471 0.4436437487602234 86
1742759960732 0.3992265462875366 87
1742759963246 0.19499307870864868 88
1742759965776 0.15401598811149597 89
1742759968713 0.300273597240448 90
1742759972005 0.3407427966594696 91
1742759975238 0.17775718867778778 92
1742759978399 0.23459461331367493 93
1742759981355 0.18862617015838623 94
1742759983969 0.17424361407756805 95
1742759987163 0.19338053464889526 96
1742759989715 0.18336930871009827 97
1742759991849 0.11601191014051437 98
1742759994034 0.09042632579803467 99
1742759996710 0.2108583152294159 100
1742759999505 0.1504155397415161 101
1742760001702 0.07386456429958344 102
1742760003806 0.031888313591480255 103
1742760005993 0.718324601650238 104
1742760008240 1.5819320678710938 105
1742760010926 0.44572019577026367 106
1742760013160 0.919978141784668 107
1742760015794 0.5436519980430603 108
1742760018258 0.17953422665596008 109
1742760020609 0.13792267441749573 110
1742760022828 0.16463549435138702 111
1742760025023 0.2491837590932846 112
1742760027310 0.1638404130935669 113
1742760029458 0.7866286039352417 114
1742760031609 1.0782666206359863 115
1742760033714 0.19255846738815308 116
1742760035834 0.6047877073287964 117
1742760037961 0.7318368554115295 118
1742760040079 0.5365409255027771 119
1742760042690 0.28255999088287354 120
1742760045241 0.3948071002960205 121
1742760048050 0.279487282037735 122
1742760051237 0.17739450931549072 123
1742760053416 0.1931230127811432 124
1742760055644 0.25762081146240234 125
1742760057867 0.22482825815677643 126
1742760060075 0.1686064600944519 127
1742760062293 0.6172457933425903 128
1742760064587 1.4054182767868042 129
1742760066908 0.2948550581932068 130
1742760069605 0.31635916233062744 131
1742760071805 0.1683286726474762 132
1742760073906 0.16496895253658295 133
1742760075984 0.33825087547302246 134
1742760078135 0.3228532671928406 135
1742760080603 0.14378196001052856 136
1742760082859 0.21821339428424835 137
1742760085129 0.23942038416862488 138
1742760087286 0.1446113884449005 139
1742760089600 0.6099078059196472 140
