1742756064364 2.444981575012207 0
1742756067363 2.906863212585449 1
1742756069905 4.6270880699157715 2
1742756072366 5.685469150543213 3
1742756074988 5.499136924743652 4
1742756077478 6.350171089172363 5
1742756079766 6.500794887542725 6
1742756082184 7.2850117683410645 7
1742756084351 7.0901875495910645 8
1742756086635 7.064907550811768 9
1742756089176 7.8709821701049805 10
1742756091325 6.739989757537842 11
1742756093473 9.91679573059082 12
1742756095575 8.039984703063965 13
1742756097743 7.091759204864502 14
1742756099937 9.809159278869629 15
1742756102093 7.406664848327637 16
1742756104269 10.467456817626953 17
1742756106490 8.374783515930176 18
1742756108821 8.65838623046875 19
1742756111109 8.589373588562012 20
1742756113886 8.215958595275879 21
1742756116305 9.30612850189209 22
1742756118521 7.525625705718994 23
1742756120757 11.178911209106445 24
1742756123043 9.959502220153809 25
1742756125253 6.042205810546875 26
1742756127541 14.708847999572754 27
1742756130140 15.227423667907715 28
1742756132603 13.549985885620117 29
1742756135010 10.240616798400879 30
1742756137341 4.923943519592285 31
1742756139596 15.433027267456055 32
1742756141823 15.853706359863281 33
1742756144259 14.76402473449707 34
1742756146668 12.522217750549316 35
1742756149060 7.593947887420654 36
1742756151248 11.66680908203125 37
1742756153472 10.114252090454102 38
1742756155803 6.50423526763916 39
1742756158428 15.77294635772705 40
1742756160695 16.065065383911133 41
1742756162902 14.449483871459961 42
1742756165104 11.763261795043945 43
1742756167310 7.300357341766357 44
1742756169500 13.632787704467773 45
1742756171616 13.78266716003418 46
1742756173793 11.547863960266113 47
1742756175954 6.485957145690918 48
1742756178140 15.586495399475098 49
1742756180643 15.602572441101074 50
1742756183123 13.753121376037598 51
1742756185265 10.136337280273438 52
1742756187394 4.560659408569336 53
1742756189716 13.60888957977295 54
1742756191850 13.947431564331055 55
1742756194087 12.17745304107666 56
1742756196421 8.81916332244873 57
1742756198779 3.951390504837036 58
1742756200980 12.467375755310059 59
1742756203164 12.32147216796875 60
1742756205335 9.575958251953125 61
1742756207424 5.297269344329834 62
1742756209597 9.687076568603516 63
1742756211771 8.992446899414062 64
1742756213945 5.78535270690918 65
1742756216304 12.622049331665039 66
1742756218477 11.603896141052246 67
1742756220665 8.224350929260254 68
1742756222857 4.116969585418701 69
1742756225018 10.93558120727539 70
1742756227274 10.450723648071289 71
1742756229539 7.486050605773926 72
1742756231650 4.384842872619629 73
1742756233923 9.039068222045898 74
1742756237333 7.729335784912109 75
1742756239921 4.037050724029541 76
1742756242734 6.809713840484619 77
1742756245519 5.878800868988037 78
1742756247866 3.823672294616699 79
1742756250551 6.972808837890625 80
1742756253610 3.9940764904022217 81
1742756256578 5.468653202056885 82
1742756259507 4.074212551116943 83
1742756261738 5.378939151763916 84
1742756264158 2.8275017738342285 85
1742756266914 6.614079475402832 86
1742756269417 3.144801139831543 87
1742756272183 4.007828712463379 88
1742756274846 1.8150278329849243 89
1742756277188 4.558811664581299 90
1742756279676 1.899796724319458 91
1742756282212 2.4835317134857178 92
1742756284622 2.4328513145446777 93
1742756287290 2.1501471996307373 94
1742756289685 2.455796480178833 95
1742756292084 1.9332702159881592 96
1742756294532 2.8950905799865723 97
1742756296957 1.2666044235229492 98
1742756299458 3.4935317039489746 99
1742756302082 1.2262133359909058 100
1742756304598 2.1358025074005127 101
1742756307022 1.828906774520874 102
1742756309534 1.5024354457855225 103
1742756311861 2.4054906368255615 104
1742756314188 1.2283443212509155 105
1742756316644 2.3665380477905273 106
1742756318990 1.5225118398666382 107
1742756321382 1.634186029434204 108
1742756323731 1.6557486057281494 109
1742756326410 1.310831069946289 110
1742756328645 1.8823072910308838 111
1742756330957 1.2395216226577759 112
1742756333334 2.230597496032715 113
1742756335755 1.303900957107544 114
1742756338291 1.9922438859939575 115
1742756340830 1.714415192604065 116
1742756343699 1.7533329725265503 117
1742756346289 2.131671190261841 118
1742756348967 1.6605194807052612 119
1742756351484 2.3493478298187256 120
1742756353921 1.185438871383667 121
1742756356302 3.7138946056365967 122
1742756358678 1.5305097103118896 123
1742756361036 1.9152233600616455 124
1742756363359 1.8152347803115845 125
1742756365601 1.5929691791534424 126
1742756367907 1.7746217250823975 127
1742756370166 1.7443175315856934 128
1742756372510 1.5236148834228516 129
1742756374818 2.5533816814422607 130
1742756377110 1.0073225498199463 131
1742756380665 2.928232192993164 132
1742756384839 1.3119714260101318 133
1742756388224 1.8582903146743774 134
1742756390517 1.9779119491577148 135
1742756392823 1.5089890956878662 136
1742756395303 1.6705716848373413 137
1742756397636 2.4341437816619873 138
1742756399998 0.8669536709785461 139
1742756402528 3.1645774841308594 140
1742756405583 1.5718034505844116 141
1742756408369 1.0973340272903442 142
1742756411264 2.3377814292907715 143
1742756414556 1.5936967134475708 144
1742756417573 1.9586530923843384 145
1742756420528 1.4486298561096191 146
1742756423453 2.253041982650757 147
1742756426604 1.754119873046875 148
1742756429563 2.339257001876831 149
1742756432814 2.2571675777435303 150
1742756435635 2.731041431427002 151
1742756438811 2.3827433586120605 152
1742756442019 2.738438606262207 153
1742756445292 2.436206817626953 154
1742756448470 2.8832573890686035 155
1742756451215 2.0233449935913086 156
1742756454282 3.9820716381073 0
1742756457326 2.102175235748291 1
1742756460495 5.055853843688965 2
1742756463444 1.424167275428772 3
1742756466707 5.19016170501709 4
1742756469667 1.5642976760864258 5
1742756472599 3.0468082427978516 6
1742756475444 2.290513515472412 7
1742756478091 1.767811894416809 8
1742756480333 2.315303087234497 9
1742756482728 1.7385035753250122 10
1742756485025 2.980240821838379 11
1742756487348 2.1196765899658203 12
1742756489786 2.4435110092163086 13
1742756492195 3.0629589557647705 14
1742756494598 1.2236307859420776 15
1742756497535 4.180784702301025 16
1742756500295 1.62861967086792 17
1742756503095 1.5856859683990479 18
1742756505627 2.587510585784912 19
1742756508851 1.8266839981079102 20
1742756511387 2.801605224609375 21
1742756513693 2.2287521362304688 22
1742756516062 2.3275856971740723 23
1742756518318 2.267709493637085 24
1742756520532 1.9583739042282104 25
1742756522789 2.609858989715576 26
1742756525511 2.6479506492614746 27
1742756528539 2.182227373123169 28
1742756531336 3.505300760269165 29
1742756533619 2.480231285095215 30
1742756536369 3.373563289642334 31
1742756539440 1.9897032976150513 32
1742756542193 4.8576250076293945 33
1742756544517 1.31650972366333 34
1742756547044 4.763223171234131 35
1742756549634 1.7127950191497803 36
1742756551931 2.5786595344543457 37
1742756554684 2.318615436553955 38
1742756557579 1.4980120658874512 39
1742756560102 2.5614285469055176 40
1742756562585 1.4954599142074585 41
1742756565060 2.3800272941589355 42
1742756567581 1.4527610540390015 43
1742756569862 2.0189995765686035 44
1742756572188 2.275210380554199 45
1742756574451 1.8683983087539673 46
1742756576680 2.343825340270996 47
1742756579118 2.1951651573181152 48
1742756581447 2.2447428703308105 49
1742756584017 2.3854901790618896 50
1742756586609 2.8113250732421875 51
1742756588918 1.6610740423202515 52
1742756591222 3.8021552562713623 53
1742756593453 0.8981407880783081 54
1742756595688 4.211938381195068 55
1742756597996 1.4713908433914185 56
1742756600254 1.508651614189148 57
1742756602466 2.0637269020080566 58
1742756604735 1.156624674797058 59
1742756606904 1.6874537467956543 60
1742756609197 1.9971550703048706 61
1742756611411 1.1712486743927002 62
1742756613621 2.2810919284820557 63
1742756615847 1.8429330587387085 64
1742756618125 1.5444527864456177 65
1742756620409 2.2597270011901855 66
1742756622763 1.5297027826309204 67
1742756625091 2.2612526416778564 68
1742756627440 1.6947994232177734 69
1742756629640 2.2478652000427246 70
1742756632149 1.910920262336731 71
1742756634441 2.5458199977874756 72
1742756636713 1.8352611064910889 73
1742756639165 2.518502712249756 74
1742756641371 2.5801305770874023 75
1742756643656 3.5059399604797363 76
1742756645865 0.5520687103271484 77
1742756648090 4.7054762840271 78
1742756650309 1.9666019678115845 79
1742756652608 0.8934485912322998 80
1742756654866 2.238603115081787 81
1742756657217 1.8746106624603271 82
1742756659554 1.4678758382797241 83
1742756661791 1.8597248792648315 84
1742756664010 1.9685660600662231 85
1742756666354 1.5246065855026245 86
1742756668601 2.314988851547241 87
1742756670931 1.6593812704086304 88
1742756673279 1.8130255937576294 89
1742756675524 2.121305227279663 90
1742756677886 2.043903350830078 91
1742756680117 2.1152219772338867 92
1742756682394 2.2844765186309814 93
1742756684645 1.9415841102600098 94
1742756687217 2.0647146701812744 95
1742756689566 1.9978134632110596 96
1742756691904 1.5987012386322021 97
1742756694108 1.9117008447647095 98
1742756696338 2.1925156116485596 99
1742756698851 2.308225631713867 100
1742756701162 1.8732141256332397 101
1742756703408 2.5477585792541504 102
1742756705635 1.7908252477645874 103
1742756707959 3.6052284240722656 104
1742756710416 0.8515638113021851 105
1742756712657 4.695864200592041 106
1742756714925 1.5845685005187988 107
1742756717171 1.6540359258651733 108
1742756719372 1.66035795211792 109
1742756721582 1.1756560802459717 110
1742756723911 2.0303192138671875 111
1742756726186 1.3403509855270386 112
1742756728466 1.8952308893203735 113
1742756730864 1.4321740865707397 114
1742756733136 1.656103253364563 115
1742756735494 1.7219613790512085 116
1742756737820 1.698486089706421 117
1742756740102 1.4649866819381714 118
1742756742418 2.237100601196289 119
1742756744738 1.445821762084961 120
1742756747167 1.736166000366211 121
1742756749573 1.7296278476715088 122
1742756751798 1.6089469194412231 123
1742756754083 1.5530989170074463 124
1742756756346 1.760322093963623 125
1742756758653 1.785383701324463 126
1742756761107 2.608628034591675 127
1742756763325 2.1774725914001465 128
1742756765556 2.4223780632019043 129
1742756767826 1.3399221897125244 130
1742756770058 2.716679573059082 131
1742756772261 1.042749047279358 132
1742756774569 2.347856044769287 133
1742756776887 1.465937614440918 134
1742756779232 2.5961639881134033 135
1742756781529 1.4417062997817993 136
1742756783858 3.335329055786133 137
1742756786209 1.057519555091858 138
1742756788517 2.4338858127593994 139
1742756791017 1.6949870586395264 140
1742756793389 1.186316967010498 141
1742756795934 1.9563779830932617 142
1742756798249 1.5868194103240967 143
1742756800516 1.6466175317764282 144
1742756802803 2.388270854949951 145
1742756805143 1.6531676054000854 146
1742756807455 2.1276612281799316 147
1742756809678 1.8466567993164062 148
1742756812009 2.0741093158721924 149
1742756814513 1.510229468345642 150
1742756817006 2.267035722732544 151
1742756819382 1.2611421346664429 152
1742756821720 3.3112292289733887 153
1742756824052 1.0941221714019775 154
1742756826398 2.424278497695923 155
1742756828498 1.1273460388183594 156
1742756831134 1.7009165287017822 0
1742756833594 1.7955669164657593 1
1742756835974 1.6515976190567017 2
1742756838320 1.594193696975708 3
1742756840667 2.2407102584838867 4
1742756842992 1.5166332721710205 5
1742756845311 2.5796303749084473 6
1742756847661 1.5855796337127686 7
1742756850043 2.1709187030792236 8
1742756852428 1.9930715560913086 9
1742756854819 1.829025149345398 10
1742756857093 2.281930446624756 11
1742756859415 1.5628411769866943 12
1742756861791 2.023627519607544 13
1742756864135 1.5158226490020752 14
1742756866471 3.8176698684692383 15
1742756868773 1.0788493156433105 16
1742756870967 2.5148322582244873 17
1742756873322 1.4480106830596924 18
1742756875571 2.325124740600586 19
1742756877999 1.707431674003601 20
1742756880420 2.445486545562744 21
1742756882773 1.8321453332901 22
1742756885033 2.082392692565918 23
1742756887398 1.2787261009216309 24
1742756889678 3.6878318786621094 25
1742756892024 0.6637552976608276 26
1742756894536 2.6715872287750244 27
1742756896843 0.976218581199646 28
1742756899227 1.7970926761627197 29
1742756901631 1.661928415298462 30
1742756904022 1.5615798234939575 31
1742756906345 1.4132814407348633 32
1742756908612 1.6712782382965088 33
1742756911052 1.734900951385498 34
1742756913347 1.2314543724060059 35
1742756915581 2.0886712074279785 36
1742756917878 1.52085542678833 37
1742756920187 1.8231878280639648 38
1742756922455 1.9817590713500977 39
1742756924742 1.4621798992156982 40
1742756927025 2.072573661804199 41
1742756929826 1.9659966230392456 42
1742756932315 2.112046957015991 43
1742756934779 2.3188304901123047 44
1742756936825 1.208842158317566 45
1742756938964 2.3964319229125977 46
1742756941054 1.2298651933670044 47
1742756943272 2.8690149784088135 48
1742756945827 1.6237577199935913 49
1742756948840 1.6890407800674438 50
1742756951276 2.113288640975952 51
1742756953550 1.1836345195770264 52
1742756955752 2.973109245300293 53
1742756957909 1.029569149017334 54
1742756960326 2.79282808303833 55
1742756962551 1.188973069190979 56
1742756964834 2.2048215866088867 57
1742756967055 1.390791416168213 58
1742756969317 2.069671630859375 59
1742756971524 1.2803728580474854 60
1742756973758 2.0164387226104736 61
1742756975986 1.6198077201843262 62
1742756978305 1.8745225667953491 63
1742756980471 2.0791208744049072 64
1742756982670 1.366984248161316 65
1742756984915 2.044398069381714 66
1742756987251 1.1355875730514526 67
1742756989497 2.2704410552978516 68
1742756991849 1.1577521562576294 69
1742756994076 2.0906271934509277 70
1742756996322 1.0374857187271118 71
1742756998700 2.3650119304656982 72
1742757001199 1.3229724168777466 73
1742757003347 1.649244785308838 74
1742757005513 1.7255040407180786 75
1742757007677 1.451916217803955 76
1742757010062 2.417562484741211 77
1742757012218 1.0807230472564697 78
1742757014458 2.4286694526672363 79
1742757016714 1.5200482606887817 80
1742757019390 1.5416545867919922 81
1742757022118 2.0353708267211914 82
1742757024456 1.0927103757858276 83
1742757027047 2.4148154258728027 84
1742757029375 1.5855047702789307 85
1742757032081 1.7254550457000732 86
1742757034390 1.8339123725891113 87
1742757036670 1.610416054725647 88
1742757038984 1.8770158290863037 89
1742757041153 1.4690078496932983 90
1742757043386 2.4470510482788086 91
1742757045630 2.180483341217041 92
1742757047953 2.359902858734131 93
1742757050266 1.7942718267440796 94
1742757052457 2.525277853012085 95
1742757054697 0.8125651478767395 96
1742757056931 3.8734498023986816 97
1742757059142 0.9974695444107056 98
1742757061480 2.013371467590332 99
1742757063900 1.5693343877792358 100
1742757066706 1.457460880279541 101
1742757069057 1.996734380722046 102
1742757071201 1.192495346069336 103
1742757073314 2.4836952686309814 104
1742757075379 0.9570674896240234 105
1742757077485 2.3828978538513184 106
1742757079658 1.138761043548584 107
1742757081855 1.9006505012512207 108
1742757084010 1.4930496215820312 109
1742757086213 1.9540618658065796 110
1742757088418 1.9362159967422485 111
1742757090507 1.7540260553359985 112
1742757093037 2.5433526039123535 113
1742757095378 1.2898598909378052 114
1742757097767 2.9148831367492676 115
1742757100072 1.2526994943618774 116
1742757102652 2.460750102996826 117
1742757106061 1.9262197017669678 118
1742757109081 2.7168362140655518 119
1742757112061 2.182105302810669 120
1742757114382 2.434537649154663 121
1742757116659 2.207080364227295 122
1742757118889 1.8815277814865112 123
1742757121187 3.3368353843688965 124
1742757123898 0.6884729862213135 125
1742757126497 3.588428497314453 126
1742757128854 1.3105683326721191 127
1742757131109 1.8727302551269531 128
1742757133262 2.0158231258392334 129
1742757135491 1.4324239492416382 130
1742757137706 2.3918933868408203 131
1742757139877 1.244234561920166 132
1742757142323 2.6664907932281494 133
1742757144575 1.065746784210205 134
1742757147469 3.0045456886291504 135
1742757150349 1.3684141635894775 136
1742757153290 2.0966453552246094 137
1742757156345 1.7602696418762207 138
1742757159465 1.6086865663528442 139
1742757162553 2.236328601837158 140
1742757165169 1.676471471786499 141
1742757167507 2.437847375869751 142
1742757169765 1.7955985069274902 143
1742757172031 2.291378974914551 144
1742757174210 1.9952808618545532 145
1742757176422 2.2322797775268555 146
1742757178586 1.4395442008972168 147
1742757180706 3.0973472595214844 148
1742757182845 1.598900318145752 149
1742757185216 2.520787477493286 150
1742757187436 1.6568228006362915 151
1742757189572 2.2448949813842773 152
1742757191714 1.9828983545303345 153
1742757193856 3.545313835144043 154
1742757196242 0.7441304922103882 155
1742757198299 2.797779083251953 156
1742757201069 1.0958161354064941 0
1742757203383 2.6716630458831787 1
1742757205526 1.8000056743621826 2
1742757207777 1.7936780452728271 3
1742757209886 2.629310131072998 4
1742757212002 1.2671912908554077 5
1742757214173 3.1629371643066406 6
1742757216382 1.5327430963516235 7
1742757218583 2.051913261413574 8
1742757220744 2.0073323249816895 9
1742757222941 1.75333571434021 10
1742757225212 2.333970308303833 11
1742757227267 1.6986063718795776 12
1742757229347 2.7070600986480713 13
1742757231402 1.9604839086532593 14
1742757233632 3.2373156547546387 15
1742757235713 1.2560687065124512 16
1742757238002 3.518892765045166 17
1742757240104 1.5717673301696777 18
1742757242315 2.68794584274292 19
1742757244452 1.5483460426330566 20
1742757246589 2.573050022125244 21
1742757248806 1.575104832649231 22
1742757250932 1.8069932460784912 23
1742757253100 1.6098257303237915 24
1742757255206 1.7056995630264282 25
1742757257308 2.290951728820801 26
1742757259453 1.5900013446807861 27
1742757261635 2.674124240875244 28
1742757263849 1.2607524394989014 29
1742757266168 3.181546449661255 30
1742757268378 1.6136879920959473 31
1742757270467 3.588559627532959 32
1742757272785 0.89349365234375 33
1742757274991 3.7956511974334717 34
1742757277229 1.3509271144866943 35
1742757279435 2.761317729949951 36
1742757281554 2.2714335918426514 37
1742757283721 1.8335596323013306 38
1742757285796 2.607234477996826 39
1742757287975 1.5393182039260864 40
1742757290205 3.3192756175994873 41
1742757292366 1.2284842729568481 42
1742757294577 2.7394516468048096 43
1742757296643 1.932377576828003 44
1742757298789 2.300407886505127 45
1742757300872 1.705344557762146 46
1742757302889 2.1503331661224365 47
1742757304932 1.309473991394043 48
1742757307013 3.091157913208008 49
1742757309245 1.3383668661117554 50
1742757311790 2.734956979751587 51
1742757313925 2.3743457794189453 52
1742757316040 1.90275239944458 53
1742757318099 3.041748285293579 54
1742757320076 1.231411337852478 55
1742757322099 3.119133949279785 56
1742757324175 1.2541069984436035 57
1742757326259 2.561884641647339 58
1742757328455 0.9610359072685242 59
1742757330567 3.5673112869262695 60
1742757332843 1.3326529264450073 61
1742757335014 2.4234633445739746 62
1742757337139 2.343259334564209 63
1742757339367 1.5789835453033447 64
1742757341672 3.1713666915893555 65
1742757343800 1.10919189453125 66
1742757345843 3.0139424800872803 67
1742757347911 1.605404019355774 68
1742757349998 1.9086965322494507 69
1742757352033 1.8582775592803955 70
1742757354065 2.0094220638275146 71
1742757356182 2.211982250213623 72
1742757358357 2.5275797843933105 73
1742757360561 1.948913335800171 74
1742757362726 2.682392120361328 75
1742757364899 1.3840681314468384 76
1742757367076 3.41453218460083 77
1742757369203 1.0320215225219727 78
1742757371400 3.2929141521453857 79
1742757373509 1.4469428062438965 80
1742757375679 2.2938036918640137 81
1742757377891 2.380260705947876 82
1742757380056 1.55178964138031 83
1742757382158 2.4229917526245117 84
1742757384260 1.7469907999038696 85
1742757386373 2.649122953414917 86
1742757388464 1.4664216041564941 87
1742757390547 4.648162841796875 88
1742757392560 1.922004222869873 89
1742757394592 1.9034608602523804 90
1742757396699 2.8763012886047363 91
1742757398802 1.203020691871643 92
1742757400946 3.695430278778076 93
1742757403123 1.804089903831482 94
1742757405248 2.8436949253082275 95
1742757407338 1.8507882356643677 96
1742757409503 2.371812582015991 97
1742757411604 1.6084188222885132 98
1742757413778 2.9081063270568848 99
1742757416585 1.1096010208129883 100
1742757419138 3.7321155071258545 101
1742757421328 1.3469775915145874 102
1742757423476 2.4438889026641846 103
1742757425581 1.6864607334136963 104
1742757427824 2.0692648887634277 105
1742757429948 2.5307252407073975 106
1742757432096 1.9040418863296509 107
1742757434158 2.5186691284179688 108
1742757436218 1.8455212116241455 109
1742757438314 2.5419113636016846 110
1742757440463 2.07041072845459 111
1742757442644 2.362865447998047 112
1742757444851 1.7448252439498901 113
1742757447744 3.747793197631836 114
1742757449920 1.9014251232147217 115
1742757452055 3.0371174812316895 116
1742757454185 1.6184171438217163 117
1742757456209 3.452263355255127 118
1742757458422 1.4848836660385132 119
1742757460635 2.66815185546875 120
1742757462975 2.162475824356079 121
1742757465188 3.0499613285064697 122
1742757467365 2.1277644634246826 123
1742757469476 2.716041088104248 124
1742757471647 2.823408365249634 125
1742757473801 4.872575283050537 126
1742757475946 1.3224742412567139 127
1742757478063 4.754761695861816 128
1742757480177 1.3233730792999268 129
1742757482314 2.8918395042419434 130
1742757484393 2.2457966804504395 131
1742757486512 3.44920015335083 132
1742757489042 2.0377018451690674 133
1742757491265 3.060847043991089 134
1742757493392 2.187321662902832 135
1742757495792 3.7399942874908447 136
1742757498182 1.604341983795166 137
1742757500297 3.667407751083374 138
1742757502525 2.1576387882232666 139
1742757504877 3.0111243724823 140
1742757507135 1.7286372184753418 141
1742757509280 3.2593698501586914 142
1742757511365 1.4061038494110107 143
1742757513476 2.59305739402771 144
1742757515623 1.8846054077148438 145
1742757517733 2.2409098148345947 146
1742757520071 2.0736725330352783 147
1742757522144 1.8161982297897339 148
1742757524852 1.9950093030929565 149
1742757527183 1.9183627367019653 150
1742757529464 2.2006678581237793 151
1742757531556 1.6660016775131226 152
1742757533642 2.442561388015747 153
1742757535841 1.710293173789978 154
1742757538203 2.072781801223755 155
1742757540064 2.1399221420288086 156
1742757542802 1.6073007583618164 0
1742757545213 2.6405131816864014 1
1742757547432 1.485254168510437 2
1742757549697 2.7932469844818115 3
1742757551903 1.626800537109375 4
1742757554074 2.874434471130371 5
1742757556185 1.4109251499176025 6
1742757558397 2.751865863800049 7
1742757560602 1.528314471244812 8
1742757562868 2.2171194553375244 9
1742757564996 3.028148651123047 10
1742757567092 1.8997666835784912 11
1742757569205 2.2387070655822754 12
1742757571408 2.1378014087677 13
1742757573560 2.141413450241089 14
1742757575657 2.152665615081787 15
1742757577828 2.2463598251342773 16
1742757580065 2.7507331371307373 17
1742757582270 1.3761978149414062 18
1742757584395 3.244114875793457 19
1742757586488 1.2754395008087158 20
1742757588693 3.7397825717926025 21
1742757590872 1.4174747467041016 22
1742757593210 3.339550018310547 23
1742757595415 1.737268090248108 24
1742757597497 3.143265962600708 25
1742757599612 1.5050280094146729 26
1742757601915 3.0448503494262695 27
1742757604129 1.343900442123413 28
1742757606483 2.8270742893218994 29
1742757608797 1.6886372566223145 30
1742757610935 3.1897032260894775 31
1742757613175 1.9056026935577393 32
1742757615341 2.5091662406921387 33
1742757617435 2.1857640743255615 34
1742757619718 2.445552110671997 35
1742757621858 2.989264726638794 36
1742757624013 1.631308674812317 37
1742757626105 3.710909128189087 38
1742757628557 2.0323257446289062 39
1742757630719 2.952928066253662 40
1742757632867 2.675809860229492 41
1742757635095 1.6209965944290161 42
1742757637281 3.90692400932312 43
1742757639492 2.2107701301574707 44
1742757641589 1.947654366493225 45
1742757643757 3.825122833251953 46
1742757645871 1.3034472465515137 47
1742757647940 4.40256929397583 48
1742757650005 1.6168131828308105 49
1742757652411 2.0800721645355225 50
1742757654841 2.431229829788208 51
1742757657283 1.9994977712631226 52
1742757659643 1.7885328531265259 53
1742757661758 3.193082094192505 54
1742757663834 1.495788335800171 55
1742757665899 2.829439878463745 56
1742757668064 1.1723183393478394 57
1742757670311 3.071521282196045 58
1742757672383 2.0261502265930176 59
1742757674567 2.790586471557617 60
1742757676738 2.435500144958496 61
1742757678844 2.893558979034424 62
1742757681115 2.467609405517578 63
1742757683367 2.44954252243042 64
1742757685669 3.2030045986175537 65
1742757687955 1.9300302267074585 66
1742757690134 2.7869436740875244 67
1742757692285 2.110461473464966 68
1742757694403 4.202954292297363 69
1742757696627 1.907245397567749 70
1742757698918 4.895512104034424 71
1742757701117 1.2943987846374512 72
1742757703350 3.872225761413574 73
1742757705597 1.8042738437652588 74
1742757707881 2.934871196746826 75
1742757710140 2.151473045349121 76
1742757712292 2.655550003051758 77
1742757714535 1.8788797855377197 78
1742757716691 3.022963762283325 79
1742757718858 1.758788824081421 80
1742757721033 2.5844852924346924 81
1742757723233 2.3233256340026855 82
1742757725423 2.580049514770508 83
1742757727756 2.8881444931030273 84
1742757730096 3.451071262359619 85
1742757732191 2.6075315475463867 86
1742757734561 3.3230984210968018 87
1742757736923 2.1697330474853516 88
1742757739161 3.344508409500122 89
1742757741307 1.8366780281066895 90
1742757743533 3.9091010093688965 91
1742757745786 0.9164103269577026 92
1742757747873 5.200974941253662 93
1742757750009 2.4322686195373535 94
1742757752074 1.4515271186828613 95
1742757754208 3.8759493827819824 96
1742757756349 1.9821008443832397 97
1742757758522 2.0890772342681885 98
1742757760822 3.285616874694824 99
1742757763226 1.9038265943527222 100
1742757765860 3.6130878925323486 101
1742757768046 2.410386562347412 102
1742757770307 3.2489049434661865 103
1742757772474 2.215571880340576 104
1742757774915 3.88081431388855 105
1742757777146 2.3994462490081787 106
1742757779336 2.6069135665893555 107
1742757781513 2.9986090660095215 108
1742757783687 2.0898375511169434 109
1742757786002 3.1173479557037354 110
1742757788258 3.1211719512939453 111
1742757790493 2.3142001628875732 112
1742757792725 4.42833948135376 113
1742757794898 1.2971265316009521 114
1742757797125 3.226738929748535 115
1742757799388 2.254356861114502 116
1742757801634 2.353849411010742 117
1742757803800 2.7793402671813965 118
1742757805986 2.0359671115875244 119
1742757808132 2.743011713027954 120
1742757810379 2.7164533138275146 121
1742757812531 1.9363641738891602 122
1742757815007 2.7044341564178467 123
1742757817160 2.2018086910247803 124
1742757819323 2.347329616546631 125
1742757821560 3.3432793617248535 126
1742757824400 2.159571886062622 127
1742757826497 2.662510633468628 128
1742757828693 2.3197853565216064 129
1742757830924 2.963744640350342 130
1742757833096 2.4543471336364746 131
1742757835336 2.670649290084839 132
1742757837554 2.292790651321411 133
1742757840059 3.7309343814849854 134
1742757842311 1.4828941822052002 135
1742757844568 3.664702892303467 136
1742757846803 1.711964726448059 137
1742757849051 2.668579339981079 138
1742757851284 2.884197235107422 139
1742757853595 2.315541982650757 140
1742757855816 2.742232322692871 141
1742757858024 2.8087611198425293 142
1742757860331 2.371087074279785 143
1742757862499 3.1038923263549805 144
1742757864811 2.3590426445007324 145
1742757867746 4.161156177520752 146
1742757870605 1.4898236989974976 147
1742757872879 5.581529140472412 148
1742757875033 2.4545648097991943 149
1742757877432 3.191732883453369 150
1742757879802 2.6359944343566895 151
1742757882588 3.623048782348633 152
1742757884829 2.843087673187256 153
1742757887032 3.0620484352111816 154
1742757889227 3.6078808307647705 155
1742757891137 1.4986295700073242 156
1742757893851 4.802053928375244 0
1742757896489 2.1467971801757812 1
1742757898699 2.435380697250366 2
1742757900807 3.2325422763824463 3
1742757902972 1.8686423301696777 4
1742757905116 4.438065052032471 5
1742757907242 2.3859095573425293 6
1742757909466 3.38643217086792 7
1742757911879 2.9428794384002686 8
1742757914205 2.0036985874176025 9
1742757916399 3.2059977054595947 10
1742757918603 1.406339406967163 11
1742757920888 3.2170865535736084 12
1742757923097 1.8260629177093506 13
1742757925327 2.731126546859741 14
1742757927490 2.396974563598633 15
1742757929618 2.070187568664551 16
1742757931823 3.2534945011138916 17
1742757934026 2.368236541748047 18
1742757936285 3.5959436893463135 19
1742757938561 2.2937235832214355 20
1742757940815 2.3448283672332764 21
1742757942968 2.6252098083496094 22
1742757945205 2.2048497200012207 23
1742757947369 2.947449207305908 24
1742757949479 2.3969573974609375 25
1742757951645 3.0109806060791016 26
1742757953804 2.5368475914001465 27
1742757955902 3.3783559799194336 28
1742757958077 1.9915518760681152 29
1742757960544 4.024240016937256 30
1742757963250 1.7620582580566406 31
1742757965440 4.114573001861572 32
1742757967636 1.6139014959335327 33
1742757969829 5.444911003112793 34
1742757972134 1.639663815498352 35
1742757974367 3.970102310180664 36
1742757976629 1.0923264026641846 37
1742757978753 3.7579638957977295 38
1742757980850 2.484213352203369 39
1742757982936 2.251404285430908 40
1742757984964 2.5452849864959717 41
1742757987127 1.9255975484848022 42
1742757989260 2.3192598819732666 43
1742757991363 2.922577142715454 44
1742757993454 1.0228208303451538 45
1742757995649 4.3522491455078125 46
1742757997819 1.6134443283081055 47
1742757999872 2.2557034492492676 48
1742758001963 2.8730685710906982 49
1742758004314 1.9580514430999756 50
1742758006678 2.7317416667938232 51
1742758008857 2.5906457901000977 52
1742758011086 2.2636280059814453 53
1742758013307 2.717782735824585 54
1742758015447 1.7677457332611084 55
1742758017536 3.6484718322753906 56
1742758019746 1.92081880569458 57
1742758022013 3.098572254180908 58
1742758024188 2.750098466873169 59
1742758026412 1.6685792207717896 60
1742758028800 3.276516914367676 61
1742758031022 1.8683949708938599 62
1742758033156 3.126566171646118 63
1742758035446 2.8719024658203125 64
1742758037614 2.924431324005127 65
1742758039916 2.4753265380859375 66
1742758042066 2.9518160820007324 67
1742758044300 2.10148549079895 68
1742758046582 3.309065580368042 69
1742758048797 2.2919867038726807 70
1742758051134 2.146285057067871 71
1742758053418 2.8038201332092285 72
1742758055652 2.5960617065429688 73
1742758058011 2.4052860736846924 74
1742758060164 2.8111751079559326 75
1742758062367 3.2049543857574463 76
1742758064670 3.0715577602386475 77
1742758066896 2.919048309326172 78
1742758069160 5.236788749694824 79
1742758071468 0.6654018759727478 80
1742758073667 6.998640537261963 81
1742758075953 3.3243751525878906 82
1742758078166 0.9433940052986145 83
1742758080408 2.9353485107421875 84
1742758083132 2.728013753890991 85
1742758085333 2.0038962364196777 86
1742758087536 2.562887191772461 87
1742758089707 2.6434175968170166 88
1742758091837 1.9477258920669556 89
1742758094003 2.818005084991455 90
1742758096202 2.945013999938965 91
1742758098455 2.450777292251587 92
1742758100738 2.8235931396484375 93
1742758102981 2.6227774620056152 94
1742758105377 2.6088340282440186 95
1742758107509 3.5051145553588867 96
1742758109633 2.3388993740081787 97
1742758111770 2.5304484367370605 98
1742758113833 2.625697374343872 99
1742758116353 3.424619197845459 100
1742758118702 1.3780057430267334 101
1742758120931 2.9893383979797363 102
1742758123132 2.268385171890259 103
1742758125389 1.7189626693725586 104
1742758127578 2.526796340942383 105
1742758129799 2.4149861335754395 106
1742758131939 1.7511653900146484 107
1742758134018 3.390967845916748 108
1742758136211 2.641561508178711 109
1742758138346 2.146883249282837 110
1742758140610 4.949646949768066 111
1742758142909 1.5645480155944824 112
1742758145087 2.9261202812194824 113
1742758147341 2.1863741874694824 114
1742758149534 2.4706640243530273 115
1742758151783 2.986234664916992 116
1742758154005 2.5442750453948975 117
1742758156204 2.5067214965820312 118
1742758158542 3.4701337814331055 119
1742758160974 2.4029035568237305 120
1742758163192 3.2121217250823975 121
1742758165370 2.5256264209747314 122
1742758167599 3.063657283782959 123
1742758169812 2.2055554389953613 124
1742758172093 3.4744720458984375 125
1742758174224 1.6165955066680908 126
1742758176337 5.833041667938232 127
1742758178488 2.4882583618164062 128
1742758180656 2.1610543727874756 129
1742758182966 2.977821111679077 130
1742758185055 2.067425489425659 131
1742758187208 3.2506799697875977 132
1742758189269 1.8040159940719604 133
1742758191364 3.7625510692596436 134
1742758193424 2.319945812225342 135
1742758195558 2.912402629852295 136
1742758197749 2.666243553161621 137
1742758199945 2.712057113647461 138
1742758202060 2.9426393508911133 139
1742758204185 1.8536649942398071 140
1742758206328 3.732797145843506 141
1742758208518 1.1583698987960815 142
1742758210607 4.132925987243652 143
1742758212832 1.9332749843597412 144
1742758215043 2.581108331680298 145
1742758217279 3.009420394897461 146
1742758219500 1.6228106021881104 147
1742758221717 3.012159585952759 148
1742758223954 2.042628288269043 149
1742758226397 2.4354398250579834 150
1742758228795 2.8271331787109375 151
1742758231034 1.2932668924331665 152
1742758233351 4.022660255432129 153
1742758235634 1.8787391185760498 154
1742758237920 1.680321455001831 155
1742758239866 2.865779399871826 156
1742758242617 1.90754234790802 0
1742758245123 2.172652006149292 1
1742758247296 2.398508310317993 2
1742758249483 2.2065420150756836 3
1742758251609 4.24622106552124 4
1742758253807 2.000925064086914 5
1742758255933 3.056091070175171 6
1742758258099 2.179217576980591 7
1742758260330 2.388253688812256 8
1742758262532 3.078062057495117 9
1742758264751 2.1963160037994385 10
1742758266970 3.098339557647705 11
1742758269246 3.071749210357666 12
1742758271537 2.374910831451416 13
1742758273851 4.37318754196167 14
1742758276231 1.734882116317749 15
1742758278459 3.8259739875793457 16
1742758280721 1.8828256130218506 17
1742758282936 3.4390082359313965 18
1742758285157 1.95124351978302 19
1742758287378 2.7802906036376953 20
1742758289553 2.3100485801696777 21
1742758291741 2.149367094039917 22
1742758293888 3.8359580039978027 23
1742758296001 1.3774687051773071 24
1742758298156 4.324983596801758 25
1742758300280 2.5521557331085205 26
1742758302436 4.399755954742432 27
1742758304557 1.9666471481323242 28
1742758306838 3.4073171615600586 29
1742758308988 1.6474666595458984 30
1742758311207 3.40958309173584 31
1742758313343 2.248598337173462 32
1742758315575 2.8949687480926514 33
1742758317768 2.594876766204834 34
1742758319924 1.7757935523986816 35
1742758322056 2.6666882038116455 36
1742758324185 1.9195077419281006 37
1742758326340 3.1652939319610596 38
1742758328520 1.4626781940460205 39
1742758330632 3.2451014518737793 40
1742758332876 1.5789862871170044 41
1742758335091 3.2791872024536133 42
1742758337456 1.4458682537078857 43
1742758339753 3.1628148555755615 44
1742758341955 2.245701789855957 45
1742758344249 2.172079563140869 46
1742758346440 2.996385097503662 47
1742758348720 1.8333996534347534 48
1742758350819 1.9688243865966797 49
1742758353160 2.53670597076416 50
1742758355567 2.755584716796875 51
1742758357757 2.117814540863037 52
1742758359987 3.3735501766204834 53
1742758362224 1.6110669374465942 54
1742758364470 3.5071380138397217 55
1742758366654 2.936985492706299 56
1742758368824 2.567411422729492 57
1742758370914 3.6997838020324707 58
1742758373039 2.1087026596069336 59
1742758375265 3.7273125648498535 60
1742758377520 1.6483523845672607 61
1742758379647 4.706979274749756 62
1742758381768 1.9061139822006226 63
1742758384025 3.7817068099975586 64
1742758386228 2.2948575019836426 65
1742758388341 4.5007758140563965 66
1742758391094 2.821092128753662 67
1742758393359 2.366020917892456 68
1742758395562 4.006161212921143 69
1742758397866 2.2741098403930664 70
1742758400144 3.8962416648864746 71
1742758402418 2.366110324859619 72
1742758404678 4.422002792358398 73
1742758406953 1.4739543199539185 74
1742758409185 4.7786173820495605 75
1742758411489 1.9774545431137085 76
1742758413729 2.904794454574585 77
1742758415969 3.4945178031921387 78
1742758418264 2.006235361099243 79
1742758420524 4.233412742614746 80
1742758422772 1.3871880769729614 81
1742758425066 4.07775354385376 82
1742758427265 1.7243924140930176 83
1742758429523 2.976940631866455 84
1742758432037 2.840603828430176 85
1742758434278 2.372161388397217 86
1742758436506 2.9682064056396484 87
1742758438755 2.8575046062469482 88
1742758440966 2.0505237579345703 89
1742758443152 2.372145891189575 90
1742758445340 3.46231746673584 91
1742758447612 1.7299861907958984 92
1742758450284 3.793513298034668 93
1742758452775 2.2011966705322266 94
1742758455298 2.590449810028076 95
1742758457547 2.4872055053710938 96
1742758459691 2.694077968597412 97
1742758461982 2.0664210319519043 98
1742758464113 4.132485866546631 99
1742758466608 1.63461434841156 100
1742758469138 6.164517402648926 101
1742758471455 1.4417662620544434 102
1742758473678 2.695185422897339 103
1742758475961 2.312774658203125 104
1742758478184 2.3303627967834473 105
1742758480378 1.6500548124313354 106
1742758482642 3.3523168563842773 107
1742758484862 1.8520516157150269 108
1742758487209 2.5606746673583984 109
1742758489436 2.1878139972686768 110
1742758491740 1.9076106548309326 111
1742758493975 2.513582229614258 112
1742758496217 1.92733895778656 113
1742758498379 1.9528998136520386 114
1742758500646 2.5664031505584717 115
1742758502895 2.6471736431121826 116
1742758505138 3.0646510124206543 117
1742758507390 1.5787124633789062 118
1742758509636 3.5992629528045654 119
1742758511935 1.9844306707382202 120
1742758514190 3.2404136657714844 121
1742758516488 1.9322327375411987 122
1742758518779 2.217708110809326 123
1742758521190 2.3795340061187744 124
1742758523561 2.749967336654663 125
1742758525810 3.2801918983459473 126
1742758528368 1.7828154563903809 127
1742758530853 4.660406589508057 128
1742758533672 1.9808168411254883 129
1742758535874 2.4046080112457275 130
1742758538157 2.726529121398926 131
1742758540363 3.090916156768799 132
1742758542627 2.6165413856506348 133
1742758544960 3.9049243927001953 134
1742758547226 1.7488336563110352 135
1742758549699 5.7506890296936035 136
1742758552088 3.0725510120391846 137
1742758554496 3.849555015563965 138
1742758557261 2.593203067779541 139
1742758559488 2.8362085819244385 140
1742758561720 3.0280308723449707 141
1742758563949 3.641111373901367 142
1742758566217 2.5270392894744873 143
1742758568529 1.7965638637542725 144
1742758571105 4.33395528793335 145
1742758573559 1.9971539974212646 146
1742758575908 6.109384536743164 147
1742758578301 3.260274887084961 148
1742758580690 1.8252034187316895 149
1742758583240 5.023372650146484 150
1742758585936 1.4009182453155518 151
1742758588679 3.161870241165161 152
1742758590917 2.7839975357055664 153
1742758593195 1.871025800704956 154
1742758595933 3.1643118858337402 155
1742758597842 1.6174145936965942 156
1742758600548 3.0675368309020996 0
1742758603237 2.145923614501953 1
1742758605750 2.5014827251434326 2
1742758608044 1.6758990287780762 3
1742758610331 3.297184944152832 4
1742758612807 2.492112636566162 5
1742758615001 2.511558771133423 6
1742758617229 2.004161834716797 7
1742758619709 3.4147017002105713 8
1742758621861 1.9216105937957764 9
1742758624151 3.0270605087280273 10
1742758626383 2.1293509006500244 11
1742758628642 2.5901756286621094 12
1742758630840 2.3247945308685303 13
1742758633119 3.34488582611084 14
1742758635360 1.3448550701141357 15
1742758637536 2.305847644805908 16
1742758639879 2.6665310859680176 17
1742758642186 2.2965049743652344 18
1742758644421 3.1822142601013184 19
1742758646620 2.3392319679260254 20
1742758648898 4.416289329528809 21
1742758651191 1.6935951709747314 22
1742758653775 3.2026844024658203 23
1742758656003 1.8832100629806519 24
1742758658147 2.6788408756256104 25
1742758660421 2.2137463092803955 26
1742758662654 2.393662929534912 27
1742758664808 3.527355432510376 28
1742758666975 1.8211294412612915 29
1742758669202 2.59061336517334 30
1742758671296 3.5022685527801514 31
1742758673497 2.3074302673339844 32
1742758675929 6.297294616699219 33
1742758678569 2.520447015762329 34
1742758680907 1.4807381629943848 35
1742758683426 4.3210062980651855 36
1742758686142 1.5550178289413452 37
1742758688486 2.7738192081451416 38
1742758690777 2.6397016048431396 39
1742758693007 1.5327256917953491 40
1742758695233 3.1316940784454346 41
1742758697425 2.2314975261688232 42
1742758699730 2.4880123138427734 43
1742758701987 2.816338539123535 44
1742758704277 1.727234959602356 45
1742758706509 3.0877578258514404 46
1742758709426 1.7920315265655518 47
1742758711643 5.392507553100586 48
1742758713861 1.36966073513031 49
1742758716347 3.6032164096832275 50
1742758719057 2.0563671588897705 51
1742758721673 2.0147206783294678 52
1742758723838 3.0252034664154053 53
1742758726028 2.6685006618499756 54
1742758728219 2.575442314147949 55
1742758730427 2.3943467140197754 56
1742758732652 2.4513769149780273 57
1742758734745 3.6444523334503174 58
1742758736882 1.859140157699585 59
1742758739120 3.5505077838897705 60
1742758741376 2.941509246826172 61
1742758743680 3.5154836177825928 62
1742758746048 2.291344404220581 63
1742758748406 5.644324779510498 64
1742758751300 1.485783576965332 65
1742758753627 4.724135875701904 66
1742758755852 1.2430299520492554 67
1742758758144 5.890353679656982 68
1742758760297 1.814070463180542 69
1742758762424 2.382026195526123 70
1742758764601 3.774019718170166 71
1742758766722 1.782456398010254 72
1742758768943 2.028632640838623 73
1742758771104 2.7584848403930664 74
1742758773280 2.1593117713928223 75
1742758775502 2.6068010330200195 76
1742758777795 1.5069490671157837 77
1742758780006 2.8119871616363525 78
1742758782566 1.2539303302764893 79
1742758785472 3.2448172569274902 80
1742758788245 1.540154218673706 81
1742758790479 2.735128402709961 82
1742758792652 1.8278858661651611 83
1742758794819 2.618858575820923 84
1742758797004 1.6796658039093018 85
1742758799611 3.4142417907714844 86
1742758802039 1.2043615579605103 87
1742758804284 3.8358864784240723 88
1742758806651 1.9152472019195557 89
1742758808776 2.1323068141937256 90
1742758811068 2.6999919414520264 91
1742758813351 1.3707787990570068 92
1742758815670 2.966693639755249 93
1742758818131 1.7677110433578491 94
1742758820425 1.6525272130966187 95
1742758822615 2.5071215629577637 96
1742758824878 2.410168170928955 97
1742758826969 2.4202418327331543 98
1742758829120 2.855863332748413 99
1742758831495 2.4158926010131836 100
1742758833974 2.8250465393066406 101
1742758836224 2.237048625946045 102
1742758838592 3.990457057952881 103
1742758840880 1.5274862051010132 104
1742758843191 3.788273811340332 105
1742758845459 1.8586608171463013 106
1742758847645 3.9830381870269775 107
1742758849938 2.3132827281951904 108
1742758852164 3.0812244415283203 109
1742758854457 2.976891040802002 110
1742758856806 2.7191050052642822 111
1742758859029 2.9085707664489746 112
1742758861285 2.7653706073760986 113
1742758863503 4.35330867767334 114
1742758865711 1.4171950817108154 115
1742758867971 3.5238637924194336 116
1742758870055 4.068256855010986 117
1742758872239 1.0314396619796753 118
1742758874409 4.95951509475708 119
1742758876589 2.351738929748535 120
1742758878878 2.250380754470825 121
1742758881094 6.466858386993408 122
1742758883298 2.473555326461792 123
1742758885505 1.7780990600585938 124
1742758887728 3.541184425354004 125
1742758889932 1.470014214515686 126
1742758892137 2.317746877670288 127
1742758894335 2.0517265796661377 128
1742758896603 1.9552549123764038 129
1742758898799 2.456928014755249 130
1742758901015 2.0077481269836426 131
1742758903202 2.17307710647583 132
1742758905452 2.095025062561035 133
1742758907674 4.076901435852051 134
1742758909995 1.6475532054901123 135
1742758912135 4.907506465911865 136
1742758914281 2.7127339839935303 137
1742758916404 1.82459557056427 138
1742758918540 2.8902859687805176 139
1742758920829 2.7429542541503906 140
1742758923502 2.976588249206543 141
1742758925752 2.23270320892334 142
1742758928039 2.5956108570098877 143
1742758930395 2.5589075088500977 144
1742758932788 5.057102680206299 145
1742758935143 3.403768539428711 146
1742758938155 1.3715605735778809 147
1742758940802 4.291141033172607 148
1742758943923 1.6854360103607178 149
1742758947072 2.744736433029175 150
1742758949841 2.8586857318878174 151
1742758952145 2.3510944843292236 152
1742758954271 3.6488420963287354 153
1742758956640 2.0543572902679443 154
1742758958916 4.5349860191345215 155
1742758961514 2.2130892276763916 156
1742758964658 4.828253746032715 0
1742758967553 2.5021846294403076 1
1742758970338 2.5404152870178223 2
1742758973087 5.554190158843994 3
1742758975842 1.108359456062317 4
1742758978606 4.282744407653809 5
1742758981127 1.7750204801559448 6
1742758983825 2.112058639526367 7
1742758987285 2.951282262802124 8
1742758990049 2.57241153717041 9
1742758992690 2.9830851554870605 10
1742758995798 2.2102246284484863 11
1742758998508 2.5216684341430664 12
1742759001512 2.7856690883636475 13
1742759004194 2.214357852935791 14
1742759007086 4.223659515380859 15
1742759010043 2.3381235599517822 16
1742759012506 3.861046552658081 17
1742759014905 2.751328945159912 18
1742759017342 2.4576029777526855 19
1742759019616 6.253809452056885 20
1742759021965 3.8257131576538086 21
1742759024238 0.5416560769081116 22
1742759026466 4.027268886566162 23
1742759028716 2.8822989463806152 24
1742759031120 1.741823673248291 25
1742759033594 3.0877747535705566 26
1742759035917 2.156904935836792 27
1742759038346 2.0439281463623047 28
1742759041125 4.151566028594971 29
1742759043370 2.16579270362854 30
1742759046401 1.9740221500396729 31
1742759048936 3.2963380813598633 32
1742759051567 2.592057704925537 33
1742759053989 2.776587724685669 34
1742759056304 4.959482192993164 35
1742759058889 4.068532466888428 36
1742759061420 1.5541739463806152 37
1742759064155 2.467129707336426 38
1742759066709 3.406456470489502 39
1742759068936 2.227891683578491 40
1742759071244 2.106433153152466 41
1742759073794 3.2209346294403076 42
1742759075968 3.090008020401001 43
1742759078154 2.499176502227783 44
1742759080422 3.3648977279663086 45
1742759082811 2.505937099456787 46
1742759085195 2.743342161178589 47
1742759087439 2.5532619953155518 48
1742759090384 5.088475704193115 49
1742759093824 2.5405397415161133 50
1742759097137 4.190600395202637 51
1742759099864 2.8614625930786133 52
1742759102802 2.7426960468292236 53
1742759105667 2.7584235668182373 54
1742759108430 2.7853875160217285 55
1742759111058 6.699124813079834 56
1742759113440 3.903733015060425 57
1742759115825 0.43132373690605164 58
1742759118374 5.038383483886719 59
1742759120869 1.471523642539978 60
1742759123266 2.3165524005889893 61
1742759125898 3.415929079055786 62
1742759128842 1.741187334060669 63
1742759131343 2.1254031658172607 64
1742759133688 2.647284746170044 65
1742759136045 1.464039921760559 66
1742759138501 3.1104094982147217 67
1742759141369 2.0670950412750244 68
1742759144043 2.0961689949035645 69
1742759147015 2.6571545600891113 70
1742759149636 2.897489309310913 71
1742759152637 2.362290143966675 72
1742759155401 2.337545394897461 73
1742759158171 3.9203503131866455 74
1742759161351 1.957419991493225 75
1742759164396 2.9388346672058105 76
1742759167122 3.224379062652588 77
1742759169660 2.887120246887207 78
1742759172598 5.614720344543457 79
1742759175512 0.7453721761703491 80
1742759178184 6.137004852294922 81
1742759180567 3.7521262168884277 82
1742759183614 1.9237990379333496 83
1742759186725 3.274200439453125 84
1742759189626 1.0194610357284546 85
1742759192410 4.019832611083984 86
1742759194872 1.9536855220794678 87
1742759197259 2.137950897216797 88
1742759199750 2.57932448387146 89
1742759202175 2.2451834678649902 90
1742759204616 2.1394004821777344 91
1742759207148 1.8719712495803833 92
1742759210245 3.4139866828918457 93
1742759212966 1.9517769813537598 94
1742759215483 2.7132914066314697 95
1742759218385 1.9678077697753906 96
1742759221034 4.467650890350342 97
1742759223641 1.6609193086624146 98
1742759226162 1.9927597045898438 99
1742759229187 5.968416213989258 100
1742759232317 2.2802889347076416 101
1742759235256 1.5202040672302246 102
1742759238325 5.475046157836914 103
1742759241269 1.2244253158569336 104
1742759243711 2.7226786613464355 105
1742759246285 2.2316699028015137 106
1742759249319 3.2045536041259766 107
1742759251934 1.270382046699524 108
1742759254497 2.8653621673583984 109
1742759257045 2.60782527923584 110
1742759259836 2.0984444618225098 111
1742759262604 3.8315961360931396 112
1742759265132 1.7468599081039429 113
1742759267577 2.477327823638916 114
1742759270084 2.286295175552368 115
1742759273002 2.2578322887420654 116
1742759275413 2.5066497325897217 117
1742759277842 2.353898525238037 118
1742759280435 2.5567216873168945 119
1742759283187 2.328859329223633 120
1742759285950 3.619504451751709 121
1742759288869 2.4713921546936035 122
1742759291919 2.7432427406311035 123
1742759294534 5.336115837097168 124
1742759296923 2.255098342895508 125
1742759299791 1.7611241340637207 126
1742759302746 2.766998052597046 127
1742759305664 6.402399063110352 128
1742759308419 2.467075824737549 129
1742759310917 0.7957656979560852 130
1742759313633 4.729582786560059 131
1742759316253 1.3607419729232788 132
1742759318671 1.7533339262008667 133
1742759320985 2.1378607749938965 134
1742759323463 1.815376877784729 135
1742759325904 1.831308126449585 136
1742759328384 1.8557844161987305 137
1742759331304 2.328925371170044 138
1742759333955 2.081190347671509 139
1742759336363 2.4003961086273193 140
1742759339175 3.650341033935547 141
1742759341655 1.0873143672943115 142
1742759344312 2.897498607635498 143
1742759346871 2.4977405071258545 144
1742759349739 2.223388195037842 145
1742759352598 3.1351990699768066 146
1742759355368 1.755319595336914 147
1742759358299 2.585573673248291 148
1742759360889 2.9666996002197266 149
1742759364043 2.1703295707702637 150
1742759366829 2.1025617122650146 151
1742759369297 2.7573580741882324 152
1742759371753 3.050109624862671 153
1742759374179 2.003664493560791 154
1742759376828 4.116886615753174 155
1742759379550 2.258087396621704 156
1742759382425 2.065629482269287 0
1742759385709 3.2523813247680664 1
1742759387965 3.90193247795105 2
1742759390106 2.03487491607666 3
1742759392467 3.144793748855591 4
1742759395244 2.8764030933380127 5
1742759397852 6.771324634552002 6
1742759400317 2.273104190826416 7
1742759403378 1.2335364818572998 8
1742759406039 6.942356109619141 9
1742759408358 4.340778350830078 10
1742759410601 0.6180881857872009 11
1742759413131 2.841890573501587 12
1742759415739 3.264678478240967 13
1742759418530 1.6469060182571411 14
1742759420999 2.1782798767089844 15
1742759423264 2.1960246562957764 16
1742759425842 2.3212428092956543 17
1742759428899 2.6701064109802246 18
1742759432091 2.0346670150756836 19
1742759434613 2.4417521953582764 20
1742759438045 2.4726216793060303 21
1742759440507 1.990928053855896 22
1742759443514 2.4252824783325195 23
1742759445974 4.4295501708984375 24
1742759448247 1.717307448387146 25
1742759450569 1.6561039686203003 26
1742759452825 5.0950927734375 27
1742759454915 1.9708669185638428 28
1742759457242 2.18507981300354 29
1742759459437 4.242771625518799 30
1742759461700 2.6655211448669434 31
1742759463820 2.4527642726898193 32
1742759466044 3.3326416015625 33
1742759468192 2.1455116271972656 34
1742759470209 2.417651653289795 35
1742759472283 3.4022912979125977 36
1742759474426 3.176682233810425 37
1742759476707 3.5403928756713867 38
1742759478773 5.394490718841553 39
1742759480943 2.427786111831665 40
1742759483075 0.4532415270805359 41
1742759485234 4.389514446258545 42
1742759487386 2.3488411903381348 43
1742759489575 1.3936169147491455 44
1742759491991 3.08498215675354 45
1742759494437 2.8126280307769775 46
1742759497084 1.7071566581726074 47
1742759500136 2.3509416580200195 48
1742759503675 2.223294496536255 49
1742759507529 1.82651948928833 50
1742759510754 2.411088228225708 51
1742759513744 2.4302501678466797 52
1742759516067 3.921759605407715 53
1742759518244 2.1686458587646484 54
1742759520997 3.6455533504486084 55
1742759523113 2.8628921508789062 56
1742759525280 2.593726634979248 57
1742759528234 2.7837891578674316 58
1742759531129 5.627350807189941 59
1742759533846 3.585102081298828 60
1742759536028 1.4201947450637817 61
1742759538162 5.006654739379883 62
1742759540240 2.1597039699554443 63
1742759542815 1.7497963905334473 64
1742759545628 3.052206516265869 65
1742759547830 2.0056097507476807 66
1742759550130 2.5025975704193115 67
1742759552271 2.8005192279815674 68
1742759554355 2.978334903717041 69
1742759556461 2.4200496673583984 70
1742759558586 3.6577885150909424 71
1742759560712 1.9611756801605225 72
1742759562851 3.7418980598449707 73
1742759565086 2.23822021484375 74
1742759567275 2.156947135925293 75
1742759569831 2.6024274826049805 76
1742759572156 3.869392156600952 77
1742759574798 3.8133397102355957 78
1742759577899 3.8715741634368896 79
1742759580639 2.4452261924743652 80
1742759583689 5.025700092315674 81
1742759586065 3.1975135803222656 82
1742759588404 1.546984314918518 83
1742759590603 4.759881973266602 84
1742759593063 3.4542393684387207 85
1742759595227 1.8438016176223755 86
1742759597372 3.8049068450927734 87
1742759599654 1.8535845279693604 88
1742759601762 2.0346035957336426 89
1742759604432 5.71296501159668 90
1742759606511 2.4367196559906006 91
1742759608559 1.4089668989181519 92
1742759610672 4.997915267944336 93
1742759612832 2.513251304626465 94
1742759615101 1.1681418418884277 95
1742759617251 3.851174831390381 96
1742759619504 2.5094118118286133 97
1742759621727 2.0447275638580322 98
1742759623905 2.1819467544555664 99
1742759626394 2.2185325622558594 100
1742759628549 3.336420774459839 101
1742759630627 2.247805595397949 102
1742759632784 2.2196030616760254 103
1742759634853 4.948315620422363 104
1742759637686 2.6774275302886963 105
1742759640144 1.6857184171676636 106
1742759642574 2.6465165615081787 107
1742759644891 2.271181344985962 108
1742759647289 3.252991199493408 109
1742759649752 2.447115659713745 110
1742759651840 2.9225401878356934 111
1742759654097 3.113955020904541 112
1742759656278 5.254094123840332 113
1742759658536 3.058528184890747 114
1742759660694 0.942727267742157 115
1742759662900 3.4566712379455566 116
1742759665069 2.1571645736694336 117
1742759667384 2.0569612979888916 118
1742759669610 3.5025055408477783 119
1742759671769 2.5536158084869385 120
1742759673897 1.9070075750350952 121
1742759675996 4.5107421875 122
1742759678176 2.3815999031066895 123
1742759680355 2.242528200149536 124
1742759682654 3.062932252883911 125
1742759684858 2.228041648864746 126
1742759687063 2.45504093170166 127
1742759689155 2.621751546859741 128
1742759691196 2.6802377700805664 129
1742759693391 2.8436577320098877 130
1742759695544 3.136509418487549 131
1742759697718 3.641693353652954 132
1742759700005 2.897449016571045 133
1742759702196 4.655630111694336 134
1742759704622 3.9767985343933105 135
1742759706813 5.378304481506348 136
1742759708929 2.7167515754699707 137
1742759711081 5.655055046081543 138
1742759713189 0.8647536635398865 139
1742759715306 2.958796977996826 140
1742759717445 3.506016254425049 141
1742759719619 2.383575201034546 142
1742759721753 2.687753677368164 143
1742759723951 2.9437036514282227 144
1742759726113 3.4634504318237305 145
1742759728264 2.321859359741211 146
1742759730367 4.898250102996826 147
1742759732559 3.1922590732574463 148
1742759734729 3.0279228687286377 149
1742759737186 3.101471185684204 150
1742759739527 2.389221429824829 151
1742759741723 3.7489442825317383 152
1742759744162 1.9888607263565063 153
1742759746514 2.5619101524353027 154
1742759748978 5.726645469665527 155
1742759751468 3.7204713821411133 156
1742759753944 0.45678579807281494 0
1742759756364 4.58345365524292 1
1742759758454 2.350131034851074 2
1742759760605 1.6064828634262085 3
1742759762815 4.180549621582031 4
1742759765007 2.1940298080444336 5
1742759767124 1.4932994842529297 6
1742759769260 2.99393367767334 7
1742759771501 2.8481862545013428 8
1742759773863 2.3498077392578125 9
1742759776444 2.8268582820892334 10
1742759778748 2.3298113346099854 11
1742759781006 2.406714916229248 12
1742759783263 3.701552629470825 13
1742759785514 2.4292383193969727 14
1742759787688 2.6930863857269287 15
1742759789870 3.3358969688415527 16
1742759791986 5.784554481506348 17
1742759794030 4.275895595550537 18
1742759796114 1.7213994264602661 19
1742759798201 2.3113789558410645 20
1742759800305 3.411611318588257 21
1742759802550 2.2254793643951416 22
1742759804717 2.900758981704712 23
1742759806895 3.543818950653076 24
1742759809126 2.8720192909240723 25
1742759811291 3.2975172996520996 26
1742759813489 2.7436306476593018 27
1742759815567 2.702731132507324 28
1742759817854 3.498408317565918 29
1742759819990 3.3042619228363037 30
1742759822146 2.9344072341918945 31
1742759824292 3.098773956298828 32
1742759826545 3.892449140548706 33
1742759828694 2.6494882106781006 34
1742759830784 2.8645482063293457 35
1742759832897 3.406669855117798 36
1742759834967 5.621204853057861 37
1742759837064 3.1585633754730225 38
1742759839312 6.295934200286865 39
1742759841482 4.504619598388672 40
1742759843920 2.8027985095977783 41
1742759846050 2.571259021759033 42
1742759848541 4.5374579429626465 43
1742759850747 1.565058946609497 44
1742759852941 4.373095512390137 45
1742759855319 2.4207491874694824 46
1742759857736 3.068140983581543 47
1742759859967 3.129727363586426 48
1742759862437 3.319481611251831 49
1742759865840 6.384309768676758 50
1742759868892 3.327688455581665 51
1742759871806 2.5091912746429443 52
1742759874761 1.509536862373352 53
1742759877774 4.586746692657471 54
1742759880739 2.104053020477295 55
1742759883564 1.9920969009399414 56
1742759886366 3.4581449031829834 57
1742759889295 3.0266916751861572 58
1742759892330 2.7094812393188477 59
1742759895060 3.2256665229797363 60
1742759897171 5.015638828277588 61
1742759899267 2.1185495853424072 62
1742759901391 3.2196199893951416 63
1742759903776 3.993377923965454 64
1742759905861 3.3494536876678467 65
1742759908001 4.0200910568237305 66
1742759910088 3.3176186084747314 67
1742759912242 3.8591842651367188 68
1742759915006 2.8923966884613037 69
1742759918018 4.361083984375 70
1742759921388 2.891510486602783 71
1742759924313 2.1721973419189453 72
1742759926987 4.380007266998291 73
1742759930164 3.074418783187866 74
1742759932897 2.566614866256714 75
1742759935372 6.3177876472473145 76
1742759937558 4.497762680053711 77
1742759939649 0.3296075463294983 78
1742759942033 3.7479376792907715 79
1742759944328 2.932976007461548 80
1742759946556 2.2206876277923584 81
1742759949190 3.5009217262268066 82
1742759951773 3.0364599227905273 83
1742759953983 2.091226100921631 84
1742759956243 2.1329333782196045 85
1742759958472 3.9642333984375 86
1742759960733 2.3000829219818115 87
1742759963247 2.313276767730713 88
1742759965777 3.1859078407287598 89
1742759968714 3.6211464405059814 90
1742759972006 2.3195390701293945 91
1742759975239 2.383100986480713 92
1742759978400 3.3195247650146484 93
1742759981356 2.619089365005493 94
1742759983970 2.168203115463257 95
1742759987164 3.550208568572998 96
1742759989716 3.0325024127960205 97
1742759991850 2.775129795074463 98
1742759994035 2.8498616218566895 99
1742759996711 4.291667938232422 100
1742759999507 3.4503536224365234 101
1742760001702 3.1011900901794434 102
1742760003807 3.7901594638824463 103
1742760005994 6.882833003997803 104
1742760008241 4.225812911987305 105
1742760010927 0.2726500630378723 106
1742760013161 5.95271635055542 107
1742760015795 1.8147211074829102 108
1742760018259 2.5187649726867676 109
1742760020610 3.6520278453826904 110
1742760022829 3.1958587169647217 111
1742760025023 2.771681308746338 112
1742760027311 2.863882064819336 113
1742760029459 5.8272857666015625 114
1742760031610 3.742675304412842 115
1742760033715 1.2950043678283691 116
1742760035835 4.8714141845703125 117
1742760037962 2.097371816635132 118
1742760040080 3.2756714820861816 119
1742760042691 2.777501106262207 120
1742760045242 2.484046697616577 121
1742760048051 2.430655002593994 122
1742760051238 2.109365940093994 123
1742760053417 3.3380420207977295 124
1742760055645 3.4770007133483887 125
1742760057868 2.7040278911590576 126
1742760060076 2.354236602783203 127
1742760062294 5.928683757781982 128
1742760064588 2.6321115493774414 129
1742760067117 1.4521231651306152 130
1742760069606 2.852583408355713 131
1742760071806 2.995103359222412 132
1742760073906 2.534956455230713 133
1742760075984 3.436697006225586 134
1742760078136 2.338815927505493 135
1742760080605 2.4782800674438477 136
1742760082860 3.564054250717163 137
1742760085129 2.8275208473205566 138
1742760087287 2.2298569679260254 139
1742760089600 6.167747974395752 140
